2016-04-08,4.75,4.75,4.75,4.875,25200,4.875
2016-04-07,4.75,4.75,4.75,4.875,5000,4.875
2016-04-06,4.75,4.75,4.75,4.875,6000,4.875
2016-04-05,4.75,4.80,4.75,4.875,300500,4.875
2016-04-04,4.75,4.825,4.75,4.875,866200,4.875
2016-04-01,4.75,4.75,4.75,4.875,3000,4.875
2016-03-31,4.75,4.75,4.75,4.875,172300,4.875
2016-03-30,4.75,4.76,4.75,4.875,1042400,4.875
2016-03-29,4.75,4.75,4.75,4.875,21500,4.875
2016-03-28,4.875,4.875,4.875,4.875,000,4.875
2016-03-24,4.75,4.75,4.75,4.875,6100,4.875
2016-03-23,4.75,4.75,4.65,4.875,977500,4.875
2016-03-22,4.825,4.825,4.825,4.875,1000,4.875
2016-03-21,4.875,4.875,4.875,4.875,000,4.875
2016-03-18,4.875,4.875,4.875,4.875,000,4.875
2016-03-17,4.875,4.875,4.875,4.875,000,4.875
2016-03-16,4.75,4.75,4.75,4.875,7700,4.875
2016-03-15,4.875,4.875,4.875,4.875,000,4.875
2016-03-14,4.75,4.75,4.75,4.875,266000,4.875
2016-03-11,4.75,4.75,4.75,4.875,70000,4.875
2016-03-10,4.875,4.875,4.875,4.875,000,4.875
2016-03-09,4.875,4.875,4.875,4.875,000,4.875
2016-03-08,4.75,4.75,4.75,4.875,31100,4.875
2016-03-07,4.875,4.875,4.875,4.875,000,4.875
2016-03-04,4.75,4.75,4.75,4.875,4000,4.875
2016-03-03,4.875,4.875,4.875,4.875,000,4.875
2016-03-02,4.75,4.75,4.75,4.875,166200,4.875
2016-03-01,4.875,4.875,4.875,4.875,000,4.875
2016-02-29,4.75,4.75,4.75,4.875,4100,4.875
2016-02-26,4.875,4.875,4.875,4.875,000,4.875
2016-02-25,4.875,4.875,4.875,4.875,000,4.875
2016-02-24,4.875,4.875,4.875,4.875,000,4.875
2016-02-23,4.875,4.875,4.875,4.875,000,4.875
2016-02-22,4.875,4.75,4.75,4.875,9700,4.875
2016-02-19,4.75,4.75,4.75,4.875,250000,4.875
2016-02-18,4.55,4.75,4.55,4.875,695400,4.875
2016-02-17,4.875,4.875,4.875,4.875,000,4.875
2016-02-16,4.875,4.875,4.875,4.875,000,4.875
2016-02-15,4.75,4.75,4.525,4.875,1377300,4.875
2016-02-12,4.75,4.75,4.75,4.875,2600,4.875
2016-02-11,4.75,4.75,4.75,4.875,60000,4.875
2016-02-10,4.76,4.76,4.75,4.875,190800,4.875
2016-02-09,4.85,4.85,4.85,4.875,2300,4.875
2016-02-08,4.76,4.76,4.76,4.875,7100,4.875
2016-02-05,4.75,4.788,4.75,4.875,15000,4.875
2016-02-04,4.875,4.875,4.875,4.875,000,4.875
2016-02-03,4.875,4.875,4.50,4.875,850000,4.875
2016-02-02,4.875,4.875,4.875,4.875,000,4.875
2016-02-01,4.75,4.75,4.75,4.875,420000,4.875
2016-01-29,4.875,4.875,4.875,4.875,000,4.875
2016-01-28,4.875,4.875,4.875,4.875,000,4.875
2016-01-27,4.75,4.75,4.75,4.875,7900,4.875
2016-01-26,4.875,4.875,4.875,4.875,000,4.875
2016-01-25,4.75,4.75,4.75,4.875,228200,4.875
2016-01-22,4.65,4.75,4.65,4.875,223000,4.875
2016-01-21,4.875,4.875,4.875,4.875,000,4.875
2016-01-20,4.875,4.875,4.875,4.875,000,4.875
2016-01-19,4.875,4.875,4.875,4.875,000,4.875
2016-01-18,4.875,4.875,4.875,4.875,000,4.875
2016-01-15,4.875,4.875,4.875,4.875,000,4.875
2016-01-14,4.75,4.75,4.75,4.875,5100,4.875
2016-01-13,4.75,4.75,4.75,4.875,350000,4.875
2016-01-12,4.68,4.68,4.68,4.875,144000,4.875
2016-01-11,4.75,4.75,4.75,4.875,27200,4.875
2016-01-08,4.75,4.75,4.75,4.875,25000,4.875
2016-01-07,4.75,4.75,4.75,4.875,22200,4.875
2016-01-06,4.75,4.75,4.75,4.875,45000,4.875
2016-01-05,4.75,4.75,4.75,4.875,10100,4.875
2016-01-04,4.75,4.75,4.75,4.875,23300,4.875
2015-12-31,4.75,4.75,4.75,4.875,4100,4.875
2015-12-30,4.875,4.875,4.875,4.875,000,4.875
2015-12-29,4.875,4.875,4.875,4.875,000,4.875
2015-12-28,4.875,4.875,4.875,4.875,000,4.875
2015-12-25,4.875,4.875,4.875,4.875,000,4.875
2015-12-24,4.75,4.75,4.75,4.875,3000,4.875
2015-12-23,3.50,3.50,3.50,4.875,1425000,4.875
2015-12-22,4.875,4.875,4.875,4.875,000,4.875
2015-12-21,4.75,4.75,4.75,4.875,25000,4.875
2015-12-18,4.75,4.75,4.60,4.875,150000,4.875
2015-12-17,5.00,5.00,4.75,4.875,44700,4.875
2015-12-16,5.00,5.00,5.00,5.125,252700,5.125
2015-12-15,5.00,5.00,5.00,5.125,11000,5.125
2015-12-14,5.00,5.00,5.00,5.125,223500,5.125
2015-12-11,5.00,5.00,4.80,5.125,252700,5.125
2015-12-10,5.00,5.00,5.00,5.125,110000,5.125
2015-12-09,5.125,5.125,5.125,5.125,000,5.125
2015-12-08,5.00,5.00,5.00,5.125,34100,5.125
2015-12-07,5.00,5.00,5.00,5.125,10000,5.125
2015-12-04,5.00,5.00,5.00,5.125,5000,5.125
2015-12-03,5.00,5.00,5.00,5.125,150000,5.125
2015-12-02,5.00,5.00,4.625,5.125,311700,5.125
2015-12-01,4.75,4.75,4.625,5.125,1610000,5.125
2015-11-30,5.00,5.00,5.00,5.125,12000,5.125
2015-11-27,4.75,4.75,4.75,5.125,110100,5.125
2015-11-26,5.00,5.00,5.00,5.125,5200,5.125
2015-11-25,5.00,5.00,5.00,5.125,16500,5.125
2015-11-24,5.125,5.125,5.125,5.125,000,5.125
2015-11-23,5.125,5.125,5.125,5.125,000,5.125
2015-11-20,5.00,5.00,5.00,5.125,36900,5.125
2015-11-19,4.90,4.90,4.90,5.125,200000,5.125
2015-11-18,4.75,5.00,4.75,5.125,282200,5.125
2015-11-17,5.125,5.125,5.125,5.125,000,5.125
2015-11-16,5.00,5.00,4.55,5.125,976000,5.125
2015-11-13,4.875,4.875,4.875,5.125,30000,5.125
2015-11-12,5.125,5.125,5.125,5.125,000,5.125
2015-11-11,5.125,5.125,5.00,5.125,33700,5.125
2015-11-10,5.125,5.125,5.125,5.125,000,5.125
2015-11-09,5.00,5.125,5.00,5.125,51400,5.125
2015-11-06,5.00,5.00,5.00,5.125,95500,5.125
2015-11-05,5.125,5.125,5.125,5.125,000,5.125
2015-11-04,5.00,5.00,5.00,5.125,20000,5.125
2015-11-03,5.125,5.125,5.125,5.125,000,5.125
2015-11-02,5.125,5.125,5.125,5.125,000,5.125
2015-10-30,5.00,5.00,5.00,5.125,19800,5.125
2015-10-29,5.125,5.125,5.125,5.125,000,5.125
2015-10-28,5.125,5.125,5.125,5.125,000,5.125
2015-10-27,5.00,5.00,5.00,5.125,338700,5.125
2015-10-26,5.00,5.10,5.00,5.125,620000,5.125
2015-10-23,5.125,5.125,5.125,5.125,000,5.125
2015-10-22,5.00,5.00,5.00,5.125,65000,5.125
2015-10-21,5.00,5.10,5.00,5.125,14300,5.125
2015-10-20,5.00,5.00,5.00,5.125,130000,5.125
2015-10-19,5.00,5.00,5.00,5.125,85000,5.125
2015-10-16,5.00,5.00,5.00,5.125,25000,5.125
2015-10-15,5.00,5.15,5.00,5.125,33400,5.125
2015-10-14,5.18,5.18,5.00,5.125,237600,5.125
2015-10-13,5.125,5.125,5.125,5.125,000,5.125
2015-10-12,5.00,5.00,5.00,5.125,100000,5.125
2015-10-09,5.25,5.325,5.00,5.25,375000,5.25
2015-10-08,5.40,5.60,5.325,5.50,856000,5.50
2015-10-07,5.05,5.50,5.05,5.50,209900,5.50
2015-10-06,5.225,5.25,5.00,5.125,560700,5.125
2015-10-05,4.85,4.85,4.85,5.00,7800,5.00
2015-10-02,5.15,5.15,5.15,5.00,000,5.00
2015-10-01,4.00,5.05,4.00,5.00,5150000,5.00
2015-09-30,4.815,4.815,4.815,5.00,20000,5.00
2015-09-29,4.815,4.815,4.815,5.00,15000,5.00
2015-09-28,5.00,5.00,5.00,5.00,000,5.00
2015-09-25,4.80,4.80,4.736,5.00,402600,5.00
2015-09-24,4.75,5.10,4.75,5.00,334000,5.00
2015-09-23,4.75,5.00,4.60,5.00,957500,5.00
2015-09-22,4.501,4.501,4.501,4.625,100,4.625
2015-09-21,4.575,4.72,4.50,4.625,77600,4.625
2015-09-18,4.625,4.625,4.625,4.625,000,4.625
2015-09-17,4.625,4.625,4.625,4.625,000,4.625
2015-09-16,4.69,4.737,4.55,4.625,186800,4.625
2015-09-15,4.69,4.69,4.69,4.50,1000,4.50
2015-09-14,4.503,4.503,4.503,4.50,61500,4.50
2015-09-11,4.50,4.50,4.50,4.50,000,4.50
2015-09-10,4.25,4.503,4.25,4.50,4017600,4.50
2015-09-09,4.503,4.503,4.503,4.50,132100,4.50
2015-09-08,4.503,4.503,4.503,4.50,25000,4.50
2015-09-07,4.70,4.70,4.70,4.50,50000,4.50
2015-09-04,4.50,4.50,4.50,4.50,000,4.50
2015-09-03,4.70,4.70,4.503,4.50,3700,4.50
2015-09-02,4.50,4.50,4.50,4.50,000,4.50
2015-09-01,4.50,4.50,4.50,4.50,100000,4.50
2015-08-31,4.50,4.50,4.50,4.50,000,4.50
2015-08-28,4.60,4.75,4.60,4.50,73900,4.50
2015-08-27,4.50,4.50,4.50,4.50,000,4.50
2015-08-26,4.40,4.45,4.40,4.50,493000,4.50
2015-08-25,4.40,4.40,4.40,4.50,26900,4.50
2015-08-24,4.325,4.60,4.325,4.50,477500,4.50
2015-08-21,4.457,4.487,4.30,4.50,65200,4.50
2015-08-20,4.457,4.457,4.457,4.375,1000,4.375
2015-08-19,4.30,4.30,4.30,4.375,90000,4.375
2015-08-18,4.29,4.50,4.29,4.375,525000,4.375
2015-08-17,4.40,4.40,4.29,4.375,77200,4.375
2015-08-14,4.28,4.29,4.28,4.375,62500,4.375
2015-08-13,4.425,4.475,4.28,4.375,8000,4.375
2015-08-12,4.25,4.25,4.25,4.375,86400,4.375
2015-08-11,4.375,4.375,4.375,4.375,000,4.375
2015-08-10,4.375,4.375,4.375,4.375,000,4.375
2015-08-07,4.43,4.43,4.43,4.375,1200,4.375
2015-08-06,4.275,4.43,4.275,4.375,13300,4.375
2015-08-05,4.425,4.425,4.265,4.375,86100,4.375
2015-08-04,4.35,4.375,4.35,4.375,3900000,4.375
2015-08-03,4.25,4.425,4.25,4.375,49000,4.375
2015-07-31,4.43,4.43,4.425,4.375,3000,4.375
2015-07-30,4.25,4.25,4.25,4.375,12000,4.375
2015-07-29,4.25,4.25,4.25,4.375,40000,4.375
2015-07-28,4.25,4.25,4.25,4.375,15000,4.375
2015-07-27,4.25,4.44,4.25,4.375,90000,4.375
2015-07-24,4.461,4.461,4.25,4.375,26400,4.375
2015-07-23,4.375,4.375,4.375,4.375,000,4.375
2015-07-22,4.395,4.395,4.25,4.375,40200,4.375
2015-07-21,4.25,4.43,4.25,4.375,49400,4.375
2015-07-20,4.43,4.43,4.25,4.375,75500,4.375
2015-07-17,4.10,4.325,4.10,4.375,75100,4.375
2015-07-16,4.25,4.25,4.25,4.25,000,4.25
2015-07-15,4.37,4.37,4.25,4.375,161700,4.375
2015-07-14,4.25,4.25,4.25,4.375,3000,4.375
2015-07-13,4.45,4.45,4.30,4.375,240100,4.375
2015-07-10,4.00,4.00,4.00,4.25,220000,4.25
2015-07-09,4.16,4.45,4.16,4.25,22900,4.25
2015-07-08,4.315,4.50,4.136,4.25,331400,4.25
2015-07-07,4.20,4.47,4.075,4.25,150000,4.25
2015-07-06,4.00,4.25,4.00,4.125,8215400,4.125
2015-07-03,4.315,4.315,4.00,4.25,6700,4.25
2015-07-02,4.25,4.25,4.25,4.25,000,4.25
2015-07-01,4.00,4.315,4.00,4.25,52400,4.25
2015-06-30,4.00,4.00,4.00,4.25,100000,4.25
2015-06-29,4.02,4.40,4.00,4.25,98700,4.25
2015-06-26,4.10,4.399,4.00,4.25,493400,4.25
2015-06-25,3.82,4.498,3.82,4.125,1087000,4.125
2015-06-24,3.77,3.95,3.75,3.875,667000,3.875
2015-06-23,3.75,3.95,3.50,3.875,324500,3.875
2015-06-22,3.75,3.75,3.75,3.875,178900,3.875
2015-06-19,3.75,3.75,3.50,3.75,110400,3.75
2015-06-18,3.70,3.75,3.70,3.75,46400,3.75
2015-06-17,3.50,3.75,3.25,3.625,3551700,3.625
2015-06-16,3.175,3.672,3.175,3.50,1313000,3.50
2015-06-15,3.20,3.20,3.20,3.00,600,3.00
2015-06-12,2.80,3.20,2.80,3.00,125000,3.00
2015-06-11,3.15,3.15,3.15,3.00,100000,3.00
2015-06-10,3.15,3.15,3.15,3.00,21900,3.00
2015-06-09,3.00,3.00,3.00,3.00,000,3.00
2015-06-08,3.00,3.00,3.00,3.00,55000,3.00
2015-06-05,3.05,3.05,3.05,3.125,20100,3.125
2015-06-04,3.25,3.25,3.25,3.25,000,3.25
2015-06-03,3.00,3.00,3.00,3.25,30000,3.25
2015-06-02,3.03,3.35,3.03,3.25,82700,3.25
2015-06-01,3.20,3.40,3.00,3.25,166400,3.25
2015-05-29,2.989,3.225,2.90,3.125,305000,3.125
2015-05-28,2.75,2.75,2.75,2.875,102000,2.875
2015-05-27,2.75,2.75,2.55,2.875,122000,2.875
2015-05-26,2.50,2.50,2.50,2.875,119800,2.875
2015-05-25,2.875,2.875,2.875,2.875,000,2.875
2015-05-22,2.76,2.76,2.75,2.875,61100,2.875
2015-05-21,2.85,2.875,2.75,2.875,95500,2.875
2015-05-20,2.76,2.76,2.76,2.875,1000,2.875
2015-05-19,2.875,2.875,2.875,2.875,000,2.875
2015-05-18,2.55,2.55,2.55,2.875,81600,2.875
2015-05-15,2.76,2.76,2.76,2.875,30000,2.875
2015-05-14,2.875,2.875,2.875,2.875,3400,2.875
2015-05-13,2.875,2.875,2.875,2.875,000,2.875
2015-05-12,2.76,2.76,2.76,2.875,200,2.875
2015-05-11,2.875,2.875,2.875,2.875,000,2.875
2015-05-08,2.76,2.76,2.76,2.875,4500,2.875
2015-05-07,2.875,2.875,2.875,2.875,000,2.875
2015-05-06,2.875,2.875,2.76,2.875,34200,2.875
2015-05-05,2.764,2.764,2.75,2.875,141700,2.875
2015-05-04,2.875,2.875,2.875,2.875,000,2.875
2015-05-01,2.89,2.89,2.89,2.875,75000,2.875
2015-04-30,2.875,2.875,2.875,2.875,000,2.875
2015-04-29,2.875,2.875,2.875,2.875,000,2.875
2015-04-28,2.89,2.89,2.89,2.875,1300,2.875
2015-04-27,2.75,2.75,2.75,2.875,16700,2.875
2015-04-24,2.89,2.89,2.89,2.875,2000,2.875
2015-04-23,2.90,2.90,2.75,2.875,68200,2.875
2015-04-22,2.76,2.76,2.75,2.875,74000,2.875
2015-04-21,2.75,2.75,2.55,2.875,908800,2.875
2015-04-20,2.575,2.575,2.575,2.625,500,2.625
2015-04-17,2.50,2.50,2.50,2.625,100000,2.625
2015-04-16,2.50,2.61,2.465,2.625,83500,2.625
2015-04-15,2.00,2.503,2.00,2.625,35600,2.625
2015-04-14,2.503,2.575,2.503,2.625,1800,2.625
2015-04-13,2.575,2.575,2.575,2.625,34000,2.625
2015-04-10,2.50,2.50,2.50,2.625,15900,2.625
2015-04-09,2.575,2.59,2.531,2.625,74000,2.625
2015-04-08,2.625,2.625,2.625,2.625,000,2.625
2015-04-07,2.575,2.575,2.20,2.625,405300,2.625
2015-04-06,2.625,2.625,2.625,2.625,000,2.625
2015-04-03,2.625,2.625,2.625,2.625,000,2.625
2015-04-02,2.50,2.50,2.50,2.625,50000,2.625
2015-04-01,2.50,2.50,2.50,2.625,19700,2.625
2015-03-31,2.50,2.59,2.50,2.625,268900,2.625
2015-03-30,2.50,2.53,2.50,2.625,213600,2.625
2015-03-27,2.50,2.50,2.50,2.625,27400,2.625
2015-03-26,2.50,2.595,2.50,2.625,77200,2.625
2015-03-25,2.625,2.625,2.625,2.625,000,2.625
2015-03-24,2.60,2.60,2.50,2.625,7000,2.625
2015-03-23,2.595,2.595,2.50,2.625,3864700,2.625
2015-03-20,2.50,2.50,2.50,2.625,32000,2.625
2015-03-19,2.525,2.60,2.50,2.625,925000,2.625
2015-03-18,2.625,2.625,2.625,2.625,000,2.625
2015-03-17,2.65,2.65,2.65,2.625,37700,2.625
2015-03-16,2.625,2.625,2.625,2.625,000,2.625
2015-03-13,2.625,2.625,2.625,2.625,000,2.625
2015-03-12,2.625,2.625,2.625,2.625,000,2.625
2015-03-11,2.50,2.50,2.50,2.625,26400,2.625
2015-03-10,2.50,2.50,2.50,2.625,86100,2.625
2015-03-09,2.50,2.65,2.50,2.625,241000,2.625
2015-03-06,2.625,2.625,2.625,2.625,000,2.625
2015-03-05,2.50,2.50,2.50,2.625,89600,2.625
2015-03-04,2.653,2.653,2.50,2.625,139900,2.625
2015-03-03,2.50,2.50,2.50,2.625,3900,2.625
2015-03-02,2.50,2.50,2.50,2.625,31100,2.625
2015-02-27,2.50,2.50,2.50,2.625,51000,2.625
2015-02-26,2.625,2.625,2.625,2.625,000,2.625
2015-02-25,2.75,2.75,2.75,2.625,3775000,2.625
2015-02-24,2.50,2.50,2.50,2.625,25000,2.625
2015-02-23,2.50,2.50,2.50,2.625,40000,2.625
2015-02-20,2.50,2.50,2.50,2.625,43700,2.625
2015-02-19,2.50,2.50,2.50,2.625,50000,2.625
2015-02-18,2.75,2.75,2.75,2.625,1000000,2.625
2015-02-17,2.625,2.625,2.625,2.625,000,2.625
2015-02-16,2.50,2.50,2.50,2.625,4400,2.625
2015-02-13,2.625,2.625,2.625,2.625,000,2.625
2015-02-12,2.625,2.625,2.625,2.625,000,2.625
2015-02-11,2.625,2.625,2.625,2.625,000,2.625
2015-02-10,2.625,2.625,2.625,2.625,000,2.625
2015-02-09,2.625,2.625,2.625,2.625,000,2.625
2015-02-06,2.50,2.50,2.50,2.625,10000,2.625
2015-02-05,2.50,2.50,2.50,2.625,42600,2.625
2015-02-04,2.75,2.75,2.75,2.625,1000000,2.625
2015-02-03,2.625,2.625,2.625,2.625,000,2.625
2015-02-02,2.50,2.50,2.50,2.625,38400,2.625
2015-01-30,2.625,2.625,2.625,2.625,000,2.625
2015-01-29,2.588,2.588,2.588,2.625,1800,2.625
2015-01-28,2.50,2.75,2.50,2.625,3060000,2.625
2015-01-27,2.625,2.625,2.625,2.625,000,2.625
2015-01-26,2.50,2.50,2.50,2.625,9900,2.625
2015-01-23,2.525,2.525,2.525,2.625,50000,2.625
2015-01-22,2.625,2.625,2.625,2.625,000,2.625
2015-01-21,2.30,2.30,2.30,2.625,40000,2.625
2015-01-20,2.55,2.55,2.55,2.625,40000,2.625
2015-01-19,2.50,2.50,2.50,2.625,22000,2.625
2015-01-16,2.50,2.58,2.50,2.625,54100,2.625
2015-01-15,2.25,2.60,2.25,2.625,115800,2.625
2015-01-14,2.625,2.625,2.625,2.625,000,2.625
2015-01-13,2.625,2.625,2.625,2.625,000,2.625
2015-01-12,2.625,2.625,2.625,2.625,000,2.625
2015-01-09,2.50,2.50,2.50,2.625,12100,2.625
2015-01-08,2.65,2.65,2.65,2.625,50000,2.625
2015-01-07,2.50,2.65,2.50,2.625,318300,2.625
2015-01-06,2.90,2.90,2.25,2.75,315800,2.75
2015-01-05,3.00,3.00,2.60,2.875,284800,2.875
2015-01-02,3.00,3.00,3.00,3.00,000,3.00
2015-01-01,3.00,3.00,3.00,3.00,000,3.00
2014-12-31,3.00,3.00,3.00,3.00,000,3.00
2014-12-30,2.80,2.80,2.80,3.00,9200,3.00
2014-12-29,3.00,3.00,3.00,3.00,000,3.00
2014-12-26,3.00,3.00,3.00,3.00,000,3.00
2014-12-25,3.00,3.00,3.00,3.00,000,3.00
2014-12-24,3.00,3.00,3.00,3.00,000,3.00
2014-12-23,2.84,2.84,2.84,3.00,40000,3.00
2014-12-22,2.84,2.84,2.84,3.00,10800,3.00
2014-12-19,3.00,3.00,3.00,3.00,000,3.00
2014-12-18,2.875,3.00,2.875,3.00,67900,3.00
2014-12-17,2.84,2.84,2.84,3.00,5000,3.00
2014-12-16,2.875,2.875,2.834,3.00,85000,3.00
2014-12-15,3.095,3.095,2.855,3.00,7800,3.00
2014-12-12,2.981,3.035,2.981,3.00,60000,3.00
2014-12-11,3.05,3.05,3.00,3.125,118600,3.125
2014-12-10,3.418,3.418,3.05,3.125,185000,3.125
2014-12-09,2.75,3.50,2.75,3.375,1101500,3.375
2014-12-08,2.25,2.875,2.232,2.625,10799900,2.625
2014-12-05,2.75,2.75,2.75,2.50,500,2.50
2014-12-04,2.50,2.50,2.50,2.50,000,2.50
2014-12-03,3.00,3.00,3.00,2.50,330000,2.50
2014-12-02,2.31,3.00,2.31,2.50,228900,2.50
2014-12-01,2.31,2.31,2.31,2.50,11000,2.50
2014-11-28,2.50,2.50,2.50,2.50,000,2.50
2014-11-27,2.31,2.31,2.31,2.50,10000,2.50
2014-11-26,2.625,2.625,2.625,2.50,50000,2.50
2014-11-25,2.50,2.50,2.50,2.50,000,2.50
2014-11-24,2.25,2.625,2.25,2.50,90000,2.50
2014-11-21,2.45,2.45,2.45,2.50,50000,2.50
2014-11-20,2.625,2.625,2.33,2.375,11300,2.375
2014-11-19,2.33,2.33,2.33,2.50,109000,2.50
2014-11-18,2.50,2.50,2.50,2.50,000,2.50
2014-11-17,2.40,2.65,2.40,2.50,193200,2.50
2014-11-14,2.25,2.25,2.25,2.375,3700,2.375
2014-11-13,2.465,2.465,2.25,2.375,20500,2.375
2014-11-12,2.465,2.465,2.25,2.375,100,2.375
2014-11-11,2.375,2.375,2.375,2.375,000,2.375
2014-11-10,2.29,2.29,2.25,2.375,31200,2.375
2014-11-07,2.698,2.698,2.35,2.375,79900,2.375
2014-11-06,2.625,2.625,2.625,2.625,000,2.625
2014-11-05,2.625,2.625,2.625,2.625,000,2.625
2014-11-04,2.50,2.50,2.50,2.625,21200,2.625
2014-11-03,2.68,2.698,2.68,2.625,18600,2.625
2014-10-31,2.50,2.70,2.50,2.50,77700,2.50
2014-10-30,2.625,2.625,2.625,2.625,000,2.625
2014-10-29,2.625,2.625,2.625,2.625,000,2.625
2014-10-28,2.60,2.74,2.60,2.625,183000,2.625
2014-10-27,2.60,2.60,2.50,2.50,20200,2.50
2014-10-24,2.36,2.36,2.36,2.50,25000,2.50
2014-10-23,2.36,2.36,2.36,2.50,10600,2.50
2014-10-22,2.60,2.61,2.60,2.50,125200,2.50
2014-10-21,2.36,2.45,2.36,2.50,100000,2.50
2014-10-20,2.373,2.373,2.373,2.375,30000,2.375
2014-10-17,2.50,2.50,2.50,2.50,000,2.50
2014-10-16,2.50,2.50,2.50,2.50,000,2.50
2014-10-15,2.50,2.62,2.50,2.50,75300,2.50
2014-10-14,2.50,2.625,2.50,2.625,45300,2.625
2014-10-13,2.50,2.50,2.50,2.625,2500,2.625
2014-10-10,2.54,2.54,2.54,2.625,19900,2.625
2014-10-09,2.75,2.80,2.75,2.75,33700,2.75
2014-10-08,2.875,2.875,2.875,2.875,000,2.875
2014-10-07,2.875,2.875,2.875,2.875,000,2.875
2014-10-06,2.875,2.875,2.875,2.875,000,2.875
2014-10-03,3.00,3.00,2.75,2.875,162600,2.875
2014-10-02,3.00,3.00,3.00,3.125,14200,3.125
2014-10-01,3.00,3.00,3.00,3.125,10000,3.125
2014-09-30,3.125,3.125,3.125,3.125,000,3.125
2014-09-29,3.125,3.125,3.125,3.125,000,3.125
2014-09-26,3.125,3.125,3.125,3.125,000,3.125
2014-09-25,3.00,3.00,2.75,3.125,174100,3.125
2014-09-24,3.00,3.00,3.00,3.125,3000,3.125
2014-09-23,3.125,3.125,3.125,3.125,000,3.125
2014-09-22,3.16,3.16,3.16,3.125,900,3.125
2014-09-19,3.15,3.15,3.15,3.125,99100,3.125
2014-09-18,3.125,3.125,3.125,3.125,000,3.125
2014-09-17,3.00,3.00,3.00,3.125,500,3.125
2014-09-16,3.055,3.15,3.055,3.125,40300,3.125
2014-09-15,3.15,3.15,3.15,3.125,700,3.125
2014-09-12,3.00,3.00,2.875,3.125,720000,3.125
2014-09-11,3.00,3.00,3.00,3.125,25000,3.125
2014-09-10,3.125,3.125,3.125,3.125,000,3.125
2014-09-09,3.01,3.16,3.01,3.125,92900,3.125
2014-09-08,3.173,3.173,3.01,3.125,76000,3.125
2014-09-05,3.18,3.18,3.18,3.125,59100,3.125
2014-09-04,3.125,3.125,3.125,3.125,000,3.125
2014-09-03,3.125,3.125,3.125,3.125,000,3.125
2014-09-02,3.00,3.00,3.00,3.125,10000,3.125
2014-09-01,3.01,3.01,3.01,3.125,9400,3.125
2014-08-29,3.01,3.02,3.01,3.125,141800,3.125
2014-08-28,3.125,3.125,3.125,3.125,000,3.125
2014-08-27,3.125,3.125,3.125,3.125,000,3.125
2014-08-26,3.25,3.25,3.25,3.125,30000,3.125
2014-08-25,3.125,3.125,3.125,3.125,000,3.125
2014-08-22,3.01,3.18,3.01,3.125,5000,3.125
2014-08-21,3.18,3.18,3.18,3.125,900,3.125
2014-08-20,3.20,3.20,3.00,3.125,360100,3.125
2014-08-19,3.00,3.00,3.00,3.125,3000,3.125
2014-08-18,3.14,3.14,3.00,3.125,26400,3.125
2014-08-15,3.14,3.14,3.14,3.125,9500,3.125
2014-08-14,3.14,3.14,3.00,3.125,2400,3.125
2014-08-13,3.15,3.15,3.00,3.125,29100,3.125
2014-08-12,3.00,3.00,3.00,3.125,12000,3.125
2014-08-11,2.90,3.25,2.90,3.125,433000,3.125
2014-08-08,3.14,3.14,2.75,2.875,54500,2.875
2014-08-07,3.14,3.14,3.14,3.125,200,3.125
2014-08-06,3.00,3.00,3.00,3.125,27300,3.125
2014-08-05,3.125,3.125,3.125,3.125,000,3.125
2014-08-04,3.00,3.15,3.00,3.125,261600,3.125
2014-08-01,3.125,3.125,3.125,3.125,000,3.125
2014-07-31,3.125,3.125,3.125,3.125,000,3.125
2014-07-30,3.125,3.125,3.125,3.125,000,3.125
2014-07-29,3.17,3.17,3.17,3.125,2600,3.125
2014-07-28,2.85,2.85,2.85,3.125,200000,3.125
2014-07-25,3.125,3.00,3.00,3.125,100000,3.125
2014-07-24,3.00,3.19,3.00,3.125,140300,3.125
2014-07-23,3.19,3.19,3.00,3.125,45000,3.125
2014-07-22,3.00,3.19,2.85,3.125,1928600,3.125
2014-07-21,3.19,3.19,3.00,3.125,402300,3.125
2014-07-18,2.80,3.15,2.80,3.00,2501500,3.00
2014-07-17,3.00,3.15,2.80,3.00,809000,3.00
2014-07-16,2.55,3.00,2.55,2.875,219500,2.875
2014-07-15,3.48,3.48,2.875,3.125,357400,3.125
2014-07-14,3.05,3.205,3.05,3.125,55000,3.125
2014-07-11,3.05,3.075,3.05,3.125,12800,3.125
2014-07-10,3.25,3.35,3.211,3.125,189300,3.125
2014-07-09,3.325,3.325,3.325,3.375,15700,3.375
2014-07-08,3.25,3.25,3.25,3.375,22000,3.375
2014-07-07,3.44,3.44,3.44,3.375,43600,3.375
2014-07-04,3.25,3.25,3.25,3.375,13900,3.375
2014-07-03,3.25,3.25,3.25,3.375,30000,3.375
2014-07-02,3.325,3.325,3.30,3.375,84200,3.375
2014-07-01,3.455,3.455,3.325,3.375,52400,3.375
2014-06-30,3.325,3.325,3.325,3.375,000,3.375
2014-06-27,3.30,3.30,3.274,3.50,100400,3.50
2014-06-26,3.455,3.455,3.455,3.50,56500,3.50
2014-06-25,3.375,3.375,3.375,3.375,000,3.375
2014-06-24,3.30,3.30,3.30,3.375,23300,3.375
2014-06-23,3.30,3.30,3.30,3.375,10000,3.375
2014-06-20,3.375,3.375,3.375,3.375,000,3.375
2014-06-19,3.50,3.50,3.465,3.375,154300,3.375
2014-06-18,3.763,3.763,3.75,3.75,35400,3.75
2014-06-17,4.125,4.125,3.375,3.875,251000,3.875
2014-06-16,3.778,3.778,3.778,4.00,3700,4.00
2014-06-13,3.825,4.125,3.825,4.00,25500,4.00
2014-06-12,3.825,4.125,3.825,4.00,7700,4.00
2014-06-11,3.825,4.15,3.78,4.00,52900,4.00
2014-06-10,4.00,4.00,4.00,4.00,000,4.00
2014-06-09,3.77,4.15,3.77,4.00,97300,4.00
2014-06-06,3.75,4.20,3.75,3.875,451400,3.875
2014-06-05,3.75,3.75,3.55,3.625,114800,3.625
2014-06-04,3.50,3.50,3.50,3.625,26000,3.625
2014-06-03,3.51,3.80,3.51,3.625,87500,3.625
2014-06-02,3.57,3.57,3.57,3.75,5000,3.75
2014-05-30,3.818,3.818,3.818,3.75,10000,3.75
2014-05-29,3.57,3.57,3.50,3.75,66700,3.75
2014-05-28,3.75,3.75,3.75,3.75,000,3.75
2014-05-27,3.66,3.66,3.66,3.75,53300,3.75
2014-05-26,3.85,3.85,3.85,3.85,000,3.85
2014-05-23,3.85,3.85,3.85,3.85,207700,3.85
2014-05-22,3.75,3.75,3.75,3.75,000,3.75
2014-05-21,3.55,3.66,3.55,3.75,147000,3.75
2014-05-20,3.66,3.66,3.66,3.75,15400,3.75
2014-05-19,3.725,3.725,3.725,3.75,18800,3.75
2014-05-16,3.82,3.82,3.82,3.75,192200,3.75
2014-05-15,3.75,3.75,3.75,3.75,000,3.75
2014-05-14,3.75,3.75,3.75,3.75,000,3.75
2014-05-13,3.83,3.83,3.82,3.75,129900,3.75
2014-05-12,3.82,3.83,3.82,3.75,93000,3.75
2014-05-09,3.75,3.75,3.75,3.75,000,3.75
2014-05-08,3.82,4.00,3.82,3.75,68800,3.75
2014-05-07,3.80,3.80,3.80,3.75,42100,3.75
2014-05-06,3.975,4.00,3.75,3.75,122900,3.75
2014-05-05,3.75,3.75,3.75,3.75,000,3.75
2014-05-02,3.75,3.75,3.75,3.75,200,3.75
2014-05-01,3.973,4.00,3.973,3.75,30200,3.75
2014-04-30,3.975,3.99,3.975,3.75,100200,3.75
2014-04-29,3.715,3.973,3.715,3.75,616500,3.75
2014-04-28,3.715,3.715,3.715,3.75,28100,3.75
2014-04-25,3.70,3.70,3.70,3.75,50000,3.75
2014-04-24,3.913,3.913,3.913,3.75,25000,3.75
2014-04-23,3.75,4.00,3.67,3.75,929000,3.75
2014-04-22,3.95,3.95,3.625,3.75,625000,3.75
2014-04-21,3.75,3.75,3.75,3.75,000,3.75
2014-04-18,3.75,3.75,3.75,3.75,000,3.75
2014-04-17,3.75,3.75,3.75,3.75,000,3.75
2014-04-16,3.60,3.76,3.60,3.75,85800,3.75
2014-04-15,3.76,3.95,3.60,3.75,967500,3.75
2014-04-14,3.76,3.76,3.76,3.75,40000,3.75
2014-04-11,3.975,3.975,3.50,3.75,102300,3.75
2014-04-10,3.738,3.76,3.738,3.75,40000,3.75
2014-04-09,3.70,4.00,3.65,3.625,3474700,3.625
2014-04-08,3.738,3.738,3.625,3.625,152900,3.625
2014-04-07,3.738,3.75,3.60,3.625,902400,3.625
2014-04-04,3.56,4.00,3.50,3.625,1218800,3.625
2014-04-03,2.80,3.75,2.80,3.375,10627000,3.375
2014-04-02,2.77,3.10,2.75,3.00,1216800,3.00
2014-04-01,2.77,3.00,2.77,3.00,634200,3.00
2014-03-31,2.83,2.83,2.83,3.00,2700,3.00
2014-03-28,2.75,2.85,2.75,3.00,132100,3.00
2014-03-27,2.85,2.85,2.85,3.00,20000,3.00
2014-03-26,2.805,3.20,2.805,3.00,135900,3.00
2014-03-25,2.825,2.825,2.75,3.00,1720000,3.00
2014-03-24,2.80,2.81,2.80,3.00,39700,3.00
2014-03-21,2.90,2.90,2.90,3.00,44000,3.00
2014-03-20,2.90,2.90,2.90,3.00,4000,3.00
2014-03-19,3.00,3.00,3.00,3.00,000,3.00
2014-03-18,3.00,3.00,3.00,3.00,000,3.00
2014-03-17,3.25,3.25,2.90,3.00,50400,3.00
2014-03-14,2.875,2.875,2.875,3.00,15000,3.00
2014-03-13,2.86,3.20,2.86,3.00,30900,3.00
2014-03-12,3.00,3.00,3.00,3.00,000,3.00
2014-03-11,2.81,3.394,2.81,3.00,123400,3.00
2014-03-10,2.82,3.171,2.82,3.00,53300,3.00
2014-03-07,3.00,3.171,2.82,3.00,70800,3.00
2014-03-06,3.00,3.00,3.00,3.00,600,3.00
2014-03-05,3.19,3.25,2.82,3.00,107500,3.00
2014-03-04,3.10,3.10,3.10,3.00,45000,3.00
2014-03-03,3.05,3.17,2.60,2.875,260800,2.875
2014-02-28,3.05,3.05,2.538,2.875,137400,2.875
2014-02-27,2.83,2.83,2.50,2.875,269000,2.875
2014-02-26,3.17,3.17,3.17,3.00,6300,3.00
2014-02-25,3.17,3.17,2.642,3.00,2026300,3.00
2014-02-24,3.175,3.175,2.91,3.00,67500,3.00
2014-02-21,2.91,3.153,2.91,3.00,30400,3.00
2014-02-20,2.91,2.91,2.91,3.00,8500,3.00
2014-02-19,2.91,2.91,2.91,3.00,38000,3.00
2014-02-18,3.20,3.20,3.20,3.00,50000,3.00
2014-02-17,2.85,2.85,2.85,3.00,6500,3.00
2014-02-14,2.777,3.25,2.777,3.00,282900,3.00
2014-02-13,2.775,2.775,2.775,3.00,1800,3.00
2014-02-12,2.90,2.90,2.90,3.00,104200,3.00
2014-02-11,3.20,3.20,3.20,3.00,28200,3.00
2014-02-10,3.115,3.115,2.85,3.00,61200,3.00
2014-02-07,3.10,3.10,3.10,3.00,144100,3.00
2014-02-06,3.10,3.10,3.10,3.00,19400,3.00
2014-02-05,2.775,3.10,2.775,3.00,11900,3.00
2014-02-04,2.775,3.10,2.775,3.00,55000,3.00
2014-02-03,3.10,3.10,3.10,3.00,32200,3.00
2014-01-31,3.00,3.00,2.775,3.00,25600,3.00
2014-01-30,3.02,3.02,2.75,3.125,200000,3.125
2014-01-29,3.125,3.125,3.125,3.125,000,3.125
2014-01-28,3.125,3.125,3.125,3.125,000,3.125
2014-01-27,3.125,3.125,3.125,3.125,000,3.125
2014-01-24,3.125,3.125,3.125,3.125,000,3.125
2014-01-23,3.175,3.175,3.175,3.125,1800,3.125
2014-01-22,3.013,3.175,3.013,3.125,31800,3.125
2014-01-21,3.013,3.013,3.013,3.125,25000,3.125
2014-01-20,3.15,3.15,3.013,3.125,50300,3.125
2014-01-17,3.00,3.15,3.00,3.125,188800,3.125
2014-01-16,3.00,3.18,3.00,3.125,296300,3.125
2014-01-15,3.00,3.15,3.00,3.125,319000,3.125
2014-01-14,3.25,3.25,3.25,3.25,000,3.25
2014-01-13,3.25,3.25,3.00,3.25,162000,3.25
2014-01-10,2.846,3.285,2.846,3.25,43700,3.25
2014-01-09,3.25,3.25,3.25,3.25,000,3.25
2014-01-08,3.25,3.25,3.25,3.25,000,3.25
2014-01-07,3.395,3.395,2.80,3.25,170500,3.25
2014-01-06,3.35,3.35,3.10,3.25,272800,3.25
2014-01-03,3.075,3.075,3.075,3.25,100000,3.25
2014-01-02,3.13,3.38,3.13,3.25,26300,3.25
2014-01-01,3.25,3.25,3.25,3.25,000,3.25
2013-12-31,3.25,3.25,3.25,3.25,000,3.25
2013-12-30,3.40,3.40,3.38,3.25,60300,3.25
2013-12-27,3.40,3.40,3.06,3.25,78600,3.25
2013-12-26,3.25,3.25,3.25,3.25,000,3.25
2013-12-25,3.25,3.25,3.25,3.25,000,3.25
2013-12-24,3.25,3.25,3.25,3.25,35000,3.25
2013-12-23,2.908,3.423,2.908,3.375,850300,3.375
2013-12-20,2.90,3.00,2.75,3.00,463400,3.00
2013-12-19,2.90,2.90,2.90,3.00,19300,3.00
2013-12-18,2.75,2.75,2.75,2.75,150000,2.75
2013-12-17,2.738,2.738,2.738,2.625,20000,2.625
2013-12-16,2.66,2.66,2.66,2.625,66000,2.625
2013-12-13,2.825,2.825,2.625,2.75,13500,2.75
2013-12-12,2.75,2.75,2.75,2.75,000,2.75
2013-12-11,2.75,2.75,2.75,2.75,000,2.75
2013-12-10,2.75,2.75,2.75,2.75,000,2.75
2013-12-09,2.825,2.825,2.825,2.75,131100,2.75
2013-12-06,2.75,2.75,2.75,2.75,000,2.75
2013-12-05,2.75,2.75,2.75,2.75,000,2.75
2013-12-04,2.80,2.97,2.80,2.875,212600,2.875
2013-12-03,2.625,3.00,2.625,2.875,113400,2.875
2013-12-02,2.625,2.625,2.625,2.75,3700,2.75
2013-11-29,2.625,2.625,2.625,2.75,4400,2.75
2013-11-28,2.60,2.80,2.60,2.75,1125000,2.75
2013-11-27,2.84,2.84,2.75,2.75,92600,2.75
2013-11-26,2.60,2.75,2.525,2.75,286500,2.75
2013-11-25,2.50,2.60,2.50,2.75,83000,2.75
2013-11-22,2.75,2.75,2.75,2.75,000,2.75
2013-11-21,2.75,2.888,2.75,2.75,55000,2.75
2013-11-20,2.82,2.82,2.82,2.875,50000,2.875
2013-11-19,2.82,2.82,2.75,2.875,132600,2.875
2013-11-18,2.695,2.82,2.695,2.875,121000,2.875
2013-11-15,2.95,2.95,2.695,2.875,208700,2.875
2013-11-14,2.75,2.997,2.75,2.875,673600,2.875
2013-11-13,2.625,2.625,2.625,2.625,000,2.625
2013-11-12,2.70,2.70,2.70,2.625,600,2.625
2013-11-11,2.58,2.75,2.58,2.625,123100,2.625
2013-11-08,2.513,2.70,2.513,2.625,61600,2.625
2013-11-07,2.70,2.70,2.70,2.625,17300,2.625
2013-11-06,2.70,2.70,2.513,2.625,136100,2.625
2013-11-05,2.635,2.635,2.565,2.625,272000,2.625
2013-11-04,2.90,2.95,2.635,2.75,89700,2.75
2013-11-01,2.63,2.63,2.63,2.75,25000,2.75
2013-10-31,2.63,2.63,2.63,2.75,44000,2.75
2013-10-30,2.761,2.90,2.63,2.75,100300,2.75
2013-10-29,2.94,2.94,2.94,2.875,11000,2.875
2013-10-28,2.96,2.96,2.788,2.875,122300,2.875
2013-10-25,2.95,2.97,2.763,2.875,92300,2.875
2013-10-24,2.70,2.94,2.565,2.75,660000,2.75
2013-10-23,2.70,2.70,2.70,2.50,52000,2.50
2013-10-22,2.70,2.70,2.70,2.50,122300,2.50
2013-10-21,2.70,2.70,2.35,2.50,23100,2.50
2013-10-18,2.50,2.50,2.50,2.50,000,2.50
2013-10-17,2.75,2.75,2.385,2.50,18700,2.50
2013-10-16,2.55,2.55,2.55,2.50,100000,2.50
2013-10-15,2.385,2.385,2.385,2.50,10000,2.50
2013-10-14,2.50,2.50,2.50,2.50,000,2.50
2013-10-11,2.50,2.50,2.125,2.50,610700,2.50
2013-10-10,2.35,2.50,2.35,2.50,545900,2.50
2013-10-09,2.25,2.25,2.10,2.375,53800,2.375
2013-10-08,2.36,2.36,2.225,2.375,108500,2.375
2013-10-07,2.44,2.36,2.26,2.375,37100,2.375
2013-10-04,2.388,2.41,2.15,2.375,216600,2.375
2013-10-03,2.355,2.41,2.125,2.375,958300,2.375
2013-10-02,2.64,2.64,2.355,2.50,94700,2.50
2013-10-01,2.75,2.75,2.37,2.50,123300,2.50
2013-09-30,2.06,2.75,2.06,2.625,409800,2.625
2013-09-27,2.90,2.90,2.90,2.75,16800,2.75
2013-09-26,2.90,2.90,2.90,2.75,3800,2.75
2013-09-25,2.525,2.525,2.525,2.75,2300,2.75
2013-09-24,2.525,2.525,2.525,2.75,8300,2.75
2013-09-23,2.525,2.90,2.525,2.75,20900,2.75
2013-09-20,2.90,2.90,2.56,2.75,236600,2.75
2013-09-19,2.84,2.90,2.55,2.75,169900,2.75
2013-09-18,2.65,2.85,2.65,2.75,184700,2.75
2013-09-17,2.75,2.75,2.75,3.00,20000,3.00
2013-09-16,2.775,2.775,2.775,3.00,2300,3.00
2013-09-13,3.00,3.00,3.00,3.00,000,3.00
2013-09-12,2.88,2.88,2.855,3.00,82100,3.00
2013-09-11,2.88,2.88,2.88,3.00,1500,3.00
2013-09-10,3.15,3.15,3.15,3.00,18000,3.00
2013-09-09,3.15,3.15,2.88,3.00,7500,3.00
2013-09-06,2.88,2.88,2.88,3.00,47200,3.00
2013-09-05,3.17,3.17,2.88,3.00,34900,3.00
2013-09-04,3.25,3.25,3.17,3.00,4000,3.00
2013-09-03,2.862,2.862,2.862,3.00,20000,3.00
2013-09-02,3.17,3.17,3.17,3.00,30000,3.00
2013-08-30,3.10,3.10,2.862,3.00,239700,3.00
2013-08-29,3.10,3.10,2.862,3.00,64000,3.00
2013-08-28,3.18,3.18,2.851,3.00,451000,3.00
2013-08-27,3.17,3.25,2.80,3.00,780600,3.00
2013-08-26,2.875,2.875,2.875,2.875,000,2.875
2013-08-23,2.875,2.875,2.875,2.875,000,2.875
2013-08-22,2.75,2.75,2.75,2.875,30000,2.875
2013-08-21,2.75,2.75,2.75,2.75,000,2.75
2013-08-20,3.00,3.00,3.00,2.75,13000,2.75
2013-08-19,2.90,2.90,2.90,2.75,700,2.75
2013-08-16,2.978,2.978,2.978,2.75,33500,2.75
2013-08-15,2.952,2.952,2.952,2.75,33300,2.75
2013-08-14,2.55,2.55,2.55,2.75,15000,2.75
2013-08-13,2.25,2.95,2.25,2.75,517500,2.75
2013-08-12,2.50,2.74,2.50,2.75,78800,2.75
2013-08-09,2.76,2.76,2.74,2.75,60200,2.75
2013-08-08,2.50,2.50,2.375,2.75,130800,2.75
2013-08-07,2.50,2.82,2.50,2.75,32500,2.75
2013-08-06,2.25,2.25,2.25,2.75,250000,2.75
2013-08-05,2.825,2.875,2.825,2.75,82500,2.75
2013-08-02,2.75,2.75,2.75,2.75,000,2.75
2013-08-01,2.85,2.85,2.55,2.75,30200,2.75
2013-07-31,2.75,2.75,2.75,2.75,000,2.75
2013-07-30,2.81,2.81,2.55,2.625,350000,2.625
2013-07-29,2.50,2.825,2.50,2.75,160100,2.75
2013-07-26,2.835,2.835,2.50,2.75,58700,2.75
2013-07-25,2.875,2.875,2.875,2.875,000,2.875
2013-07-24,2.75,2.75,2.75,2.875,130000,2.875
2013-07-23,2.75,2.75,2.75,2.875,1300,2.875
2013-07-22,2.875,2.875,2.875,2.875,000,2.875
2013-07-19,2.75,2.75,2.75,2.875,27400,2.875
2013-07-18,2.85,2.85,2.85,2.875,50000,2.875
2013-07-17,2.97,3.00,2.75,2.875,432000,2.875
2013-07-16,2.93,2.93,2.93,2.875,50500,2.875
2013-07-15,2.75,3.234,2.75,2.875,367800,2.875
2013-07-12,2.75,3.05,2.75,3.00,95200,3.00
2013-07-11,2.915,2.915,2.915,3.00,2500,3.00
2013-07-10,2.875,2.875,2.875,3.00,121100,3.00
2013-07-09,3.00,3.00,3.00,3.00,000,3.00
2013-07-08,2.90,2.90,2.90,3.00,50000,3.00
2013-07-05,2.95,2.95,2.50,3.00,230000,3.00
2013-07-04,3.02,3.02,2.75,3.00,35000,3.00
2013-07-03,2.95,3.02,2.80,3.00,216000,3.00
2013-07-02,3.00,3.04,2.75,3.00,174600,3.00
2013-07-01,3.25,3.25,3.25,3.25,000,3.25
2013-06-28,3.00,3.00,3.00,3.25,40000,3.25
2013-06-27,3.156,3.156,3.156,3.25,83300,3.25
2013-06-26,3.25,3.25,3.25,3.375,7000,3.375
2013-06-25,3.35,3.35,3.35,3.375,300,3.375
2013-06-24,3.30,3.30,3.25,3.375,161500,3.375
2013-06-21,3.50,3.50,3.50,3.50,000,3.50
2013-06-20,3.50,3.50,3.50,3.50,000,3.50
2013-06-19,3.375,3.375,3.25,3.50,42700,3.50
2013-06-18,3.25,3.625,3.25,3.50,186300,3.50
2013-06-17,3.217,3.25,3.10,3.125,117500,3.125
2013-06-14,3.09,3.15,3.09,3.00,178600,3.00
2013-06-13,3.10,3.10,2.815,3.00,14800,3.00
2013-06-12,2.815,3.10,2.815,3.00,30700,3.00
2013-06-11,3.00,3.00,3.00,3.00,50000,3.00
2013-06-10,3.16,3.16,3.16,3.125,100000,3.125
2013-06-07,3.125,3.125,3.125,3.125,000,3.125
2013-06-06,3.12,3.12,3.10,3.125,251200,3.125
2013-06-05,3.125,3.125,3.125,3.125,000,3.125
2013-06-04,3.00,3.175,2.90,3.125,257900,3.125
2013-06-03,3.125,3.125,3.125,3.125,000,3.125
2013-05-31,3.198,3.197,3.198,3.125,3000,3.125
2013-05-30,3.05,3.05,3.05,3.125,40000,3.125
2013-05-29,3.158,3.40,3.00,3.25,285800,3.25
2013-05-28,3.45,3.50,3.425,3.25,86300,3.25
2013-05-27,3.25,3.25,3.25,3.25,000,3.25
2013-05-24,3.38,3.454,3.06,3.25,65700,3.25
2013-05-23,3.50,3.50,3.50,3.25,100000,3.25
2013-05-22,3.025,3.25,3.025,3.375,155700,3.375
2013-05-21,3.125,3.125,3.125,3.25,50000,3.25
2013-05-20,3.25,3.59,3.25,3.50,95400,3.50
2013-05-17,3.55,3.55,3.25,3.50,135000,3.50
2013-05-16,3.50,3.50,3.50,3.50,000,3.50
2013-05-15,3.28,3.28,3.28,3.50,10000,3.50
2013-05-14,3.50,3.50,3.50,3.50,000,3.50
2013-05-13,3.50,3.775,3.334,3.75,128100,3.75
2013-05-10,3.80,3.80,3.775,3.75,57500,3.75
2013-05-09,3.80,3.80,3.50,3.75,32800,3.75
2013-05-08,3.80,3.825,3.52,3.75,63100,3.75
2013-05-07,3.77,3.80,3.77,3.75,60000,3.75
2013-05-06,3.75,3.75,3.75,3.75,000,3.75
2013-05-03,3.50,3.50,3.50,3.75,2400,3.75
2013-05-02,3.35,3.50,3.35,3.75,64900,3.75
2013-05-01,3.446,3.446,3.446,3.75,68600,3.75
2013-04-30,3.50,3.50,3.50,3.75,15000,3.75
2013-04-29,3.78,3.85,3.50,3.75,24400,3.75
2013-04-26,3.75,3.75,3.75,3.75,000,3.75
2013-04-25,3.50,3.50,3.50,3.75,25000,3.75
2013-04-24,3.78,3.78,3.525,3.75,53400,3.75
2013-04-23,3.75,3.75,3.75,3.75,000,3.75
2013-04-22,3.87,3.87,3.55,3.75,8500,3.75
2013-04-19,3.875,3.875,3.875,3.875,000,3.875
2013-04-18,3.59,3.59,3.55,3.875,14200,3.875
2013-04-17,3.90,3.90,3.56,3.875,34300,3.875
2013-04-16,3.575,3.575,3.55,3.75,147500,3.75
2013-04-15,3.703,3.92,3.536,3.75,250000,3.75
2013-04-12,3.875,3.875,3.875,3.875,000,3.875
2013-04-11,3.663,4.00,3.663,3.875,726300,3.875
2013-04-10,4.05,4.05,4.00,3.875,39800,3.875
2013-04-09,4.00,4.00,4.00,3.875,12100,3.875
2013-04-08,3.60,3.85,3.325,3.75,181500,3.75
2013-04-05,3.865,4.05,3.45,3.50,341200,3.50
2013-04-04,4.19,4.19,3.85,4.00,259000,4.00
2013-04-03,3.625,4.50,3.45,4.00,1374900,4.00
2013-04-02,3.075,3.075,3.00,3.25,58900,3.25
2013-04-01,3.25,3.25,3.25,3.25,000,3.25
2013-03-29,3.25,3.25,3.25,3.25,000,3.25
2013-03-28,3.15,3.15,3.00,3.25,97000,3.25
2013-03-27,3.608,3.608,3.608,3.375,30000,3.375
2013-03-26,3.375,3.608,3.10,3.375,82100,3.375
2013-03-25,3.40,3.40,3.10,3.25,124700,3.25
2013-03-22,3.25,3.25,3.25,3.25,210000,3.25
2013-03-21,3.563,3.563,3.05,3.125,125700,3.125
2013-03-20,3.35,3.35,3.35,3.375,55600,3.375
2013-03-19,3.164,3.33,3.164,3.375,150000,3.319
2013-03-18,3.50,3.50,3.50,3.50,000,3.442
2013-03-15,3.625,3.65,3.38,3.50,73000,3.442
2013-03-14,3.50,3.50,3.50,3.50,000,3.442
2013-03-13,3.375,3.38,3.375,3.50,220900,3.442
2013-03-12,3.671,3.671,3.671,3.50,30000,3.442
2013-03-11,3.50,3.50,3.50,3.50,000,3.442
2013-03-08,3.375,3.70,3.375,3.50,31900,3.442
2013-03-07,3.65,3.65,3.65,3.50,75000,3.442
2013-03-06,3.50,3.50,3.33,3.50,140900,3.442
2013-03-05,3.40,3.50,3.08,3.50,531400,3.442
2013-03-04,3.35,3.375,3.35,3.375,275000,3.319
2013-03-01,3.35,3.395,3.10,3.25,350000,3.196
2013-02-28,3.60,3.60,2.81,3.25,615600,3.196
2013-02-27,3.125,3.125,3.125,3.50,110200,3.442
2013-02-26,3.675,3.675,3.675,3.50,5500,3.442
2013-02-25,3.32,3.54,3.315,3.50,104900,3.442
2013-02-22,3.58,3.58,3.315,3.50,54800,3.442
2013-02-21,3.58,3.58,3.58,3.50,2700,3.442
2013-02-20,3.31,3.31,3.31,3.50,43600,3.442
2013-02-19,3.595,3.595,3.595,3.50,700,3.442
2013-02-18,3.50,3.50,3.50,3.50,000,3.442
2013-02-15,3.50,3.50,3.50,3.50,000,3.442
2013-02-14,3.60,3.60,3.60,3.50,1600,3.442
2013-02-13,3.65,3.65,3.30,3.50,190000,3.442
2013-02-12,3.40,3.40,3.40,3.50,82800,3.442
2013-02-11,3.625,3.625,3.625,3.625,20700,3.565
2013-02-08,3.625,3.625,3.625,3.50,10000,3.442
2013-02-07,3.675,3.675,3.31,3.50,110700,3.442
2013-02-06,3.595,3.60,3.595,3.50,40000,3.442
2013-02-05,3.50,3.60,3.31,3.50,125300,3.442
2013-02-04,3.90,3.90,3.505,3.75,83900,3.688
2013-02-01,3.60,3.60,3.55,3.75,154100,3.688
2013-01-31,3.75,3.75,3.75,3.75,000,3.688
2013-01-30,3.95,3.95,3.935,3.75,81100,3.688
2013-01-29,3.845,4.00,3.55,3.75,841500,3.688
2013-01-28,3.625,3.625,3.625,3.625,000,3.565
2013-01-25,3.845,3.845,3.438,3.625,27000,3.565
2013-01-24,3.845,3.845,3.845,3.625,800,3.565
2013-01-23,3.625,3.625,3.625,3.625,000,3.565
2013-01-22,3.595,3.63,3.58,3.625,167200,3.565
2013-01-21,3.25,3.75,3.25,3.50,367200,3.442
2013-01-18,3.625,3.625,3.625,3.625,000,3.565
2013-01-17,3.25,3.25,3.25,3.625,1400,3.565
2013-01-16,3.70,3.70,3.30,3.625,66100,3.565
2013-01-15,3.44,3.55,3.44,3.50,94800,3.442
2013-01-14,3.25,3.575,3.25,3.50,270300,3.442
2013-01-11,3.25,3.25,3.25,3.50,37000,3.442
2013-01-10,3.50,3.50,3.50,3.50,55000,3.442
2013-01-09,3.50,3.50,3.50,3.75,75000,3.688
2013-01-08,4.08,4.08,3.50,3.75,171100,3.688
2013-01-07,3.75,4.10,3.75,4.00,275000,3.934
2013-01-04,4.10,4.10,3.67,4.00,65600,3.934
2013-01-03,3.75,4.145,3.75,4.00,40900,3.934
2013-01-02,3.694,4.165,3.694,4.00,194500,3.934
2013-01-01,4.00,4.00,4.00,4.00,000,3.934
2012-12-31,3.963,4.25,3.65,4.00,190000,3.934
2012-12-28,3.50,3.50,3.50,3.50,000,3.442
2012-12-27,3.65,3.675,3.65,3.50,66300,3.442
2012-12-26,3.50,3.50,3.50,3.50,000,3.442
2012-12-25,3.50,3.50,3.50,3.50,000,3.442
2012-12-24,3.35,3.35,3.35,3.50,6500,3.442
2012-12-21,3.67,3.68,3.67,3.50,111700,3.442
2012-12-20,3.50,3.50,3.50,3.50,000,3.442
2012-12-19,3.50,3.50,3.50,3.50,000,3.442
2012-12-18,3.433,3.68,3.40,3.50,391900,3.442
2012-12-17,3.90,3.90,3.50,3.75,75000,3.688
2012-12-14,3.75,3.75,3.75,3.75,000,3.688
2012-12-13,3.55,3.90,3.55,3.75,37200,3.688
2012-12-12,3.75,3.75,3.75,3.75,000,3.688
2012-12-11,3.75,3.75,3.75,3.75,000,3.688
2012-12-10,3.75,3.945,3.53,3.75,315200,3.688
2012-12-07,3.80,3.80,3.75,3.75,81100,3.688
2012-12-06,3.80,3.80,3.75,3.75,38500,3.688
2012-12-05,3.80,3.80,3.525,3.75,28000,3.688
2012-12-04,3.75,3.925,3.413,3.75,278500,3.688
2012-12-03,3.15,3.45,3.15,3.375,83200,3.319
2012-11-30,3.60,4.00,3.05,3.375,996900,3.319
2012-11-29,3.175,3.175,3.175,3.375,35000,3.319
2012-11-28,3.25,3.50,3.25,3.375,170000,3.319
2012-11-27,3.173,3.25,3.173,3.375,110000,3.319
2012-11-26,2.75,3.25,2.75,3.125,1378000,3.074
2012-11-23,3.00,3.00,3.00,3.00,000,2.951
2012-11-22,2.75,2.75,2.75,3.00,28100,2.951
2012-11-21,2.75,2.75,2.75,3.00,700,2.951
2012-11-20,3.00,3.00,3.00,3.00,000,2.951
2012-11-19,3.00,3.00,3.00,3.00,000,2.951
2012-11-16,3.00,3.00,3.00,3.00,000,2.951
2012-11-15,3.10,3.10,2.75,3.00,85800,2.951
2012-11-14,2.80,2.80,2.75,3.125,120000,3.074
2012-11-13,3.115,3.115,3.115,3.125,21000,3.074
2012-11-12,3.125,3.125,3.125,3.125,000,3.074
2012-11-09,3.00,3.18,3.00,3.125,36000,3.074
2012-11-08,3.125,3.125,3.125,3.125,000,3.074
2012-11-07,3.20,3.20,3.00,3.125,40700,3.074
2012-11-06,3.00,3.00,3.00,3.125,3000,3.074
2012-11-05,3.02,3.125,3.00,3.125,134000,3.074
2012-11-02,2.85,2.85,2.85,3.00,23800,2.951
2012-11-01,2.75,3.10,2.75,3.00,145100,2.951
2012-10-31,3.00,3.00,3.00,3.00,000,2.951
2012-10-30,2.93,3.04,2.93,3.00,134400,2.951
2012-10-29,2.975,2.975,2.75,2.875,136900,2.828
2012-10-26,2.55,2.975,2.55,3.00,87700,2.951
2012-10-25,2.975,2.975,2.975,3.00,32000,2.951
2012-10-24,2.755,2.99,2.755,3.00,115000,2.951
2012-10-23,2.825,2.825,2.80,3.00,103600,2.951
2012-10-22,3.00,3.00,2.99,3.00,14000,2.951
2012-10-19,3.00,3.00,3.00,3.00,1200,2.951
2012-10-18,3.04,3.04,3.04,3.00,15000,2.951
2012-10-17,3.045,3.045,3.045,3.00,15900,2.951
2012-10-16,3.00,3.00,3.00,3.00,000,2.951
2012-10-15,3.125,3.125,2.95,3.00,20400,2.951
2012-10-12,3.00,3.00,3.00,3.00,000,2.951
2012-10-11,3.00,3.00,3.00,3.00,000,2.951
2012-10-10,3.00,3.00,3.00,3.00,000,2.951
2012-10-09,3.145,3.15,2.85,3.00,211500,2.951
2012-10-08,3.125,3.125,3.125,3.00,300,2.951
2012-10-05,3.202,3.202,3.10,3.00,370000,2.951
2012-10-04,2.77,2.77,2.77,3.00,25000,2.951
2012-10-03,3.00,3.00,3.00,3.00,000,2.951
2012-10-02,2.775,2.775,2.775,3.00,40000,2.951
2012-10-01,2.775,2.775,2.775,3.00,10100,2.951
2012-09-28,2.875,2.875,2.83,3.00,65900,2.951
2012-09-27,2.815,2.875,2.815,2.875,16400,2.828
2012-09-26,2.815,2.815,2.815,2.875,11400,2.828
2012-09-25,2.75,2.875,2.75,2.875,97200,2.828
2012-09-24,3.05,3.10,2.788,3.00,74300,2.951
2012-09-21,3.05,3.05,2.815,3.125,67800,3.074
2012-09-20,3.35,3.35,2.878,3.125,65000,3.074
2012-09-19,3.125,3.125,3.125,3.125,000,3.074
2012-09-18,3.02,3.02,3.02,3.125,11600,3.074
2012-09-17,3.05,3.05,3.05,3.25,78000,3.196
2012-09-14,3.35,3.35,3.35,3.25,1200,3.196
2012-09-13,3.20,3.30,3.20,3.25,27500,3.196
2012-09-12,3.10,3.20,2.878,3.125,41400,3.074
2012-09-11,2.825,3.228,2.825,3.00,151100,2.951
2012-09-10,2.825,2.825,2.825,3.125,1000,3.074
2012-09-07,3.238,3.238,3.14,3.125,93400,3.074
2012-09-06,3.125,3.125,3.125,3.125,000,3.074
2012-09-05,3.125,3.125,3.125,3.125,000,3.074
2012-09-04,3.125,3.125,3.125,3.125,000,3.074
2012-09-03,3.15,3.15,3.15,3.125,6000,3.074
2012-08-31,3.125,3.125,3.125,3.125,000,3.074
2012-08-30,3.125,3.125,3.125,3.125,000,3.074
2012-08-29,3.15,3.15,3.15,3.125,32600,3.074
2012-08-28,3.00,3.00,3.00,3.125,5000,3.074
2012-08-27,3.125,3.125,3.125,3.125,000,3.074
2012-08-24,3.00,3.25,2.78,3.125,282300,3.074
2012-08-23,3.375,3.375,3.375,3.375,000,3.319
2012-08-22,3.05,3.05,3.05,3.375,42900,3.319
2012-08-21,3.25,3.25,3.25,3.375,17000,3.319
2012-08-20,3.40,3.40,3.40,3.375,2500,3.319
2012-08-17,3.28,3.28,3.25,3.375,34700,3.319
2012-08-16,3.44,3.44,3.44,3.375,6400,3.319
2012-08-15,3.44,3.44,3.28,3.375,108400,3.319
2012-08-14,3.32,3.32,3.313,3.375,105000,3.319
2012-08-13,3.375,3.375,3.375,3.375,000,3.319
2012-08-10,3.32,3.498,3.32,3.375,7900,3.319
2012-08-09,3.375,3.375,3.375,3.375,000,3.319
2012-08-08,3.50,3.50,3.50,3.375,75000,3.319
2012-08-07,3.375,3.375,3.375,3.375,000,3.319
2012-08-06,3.47,3.47,3.47,3.375,2800,3.319
2012-08-03,3.375,3.375,3.375,3.375,000,3.319
2012-08-02,3.30,3.30,3.30,3.375,54000,3.319
2012-08-01,3.375,3.375,3.375,3.375,000,3.319
2012-07-31,3.32,3.32,3.32,3.375,8400,3.319
2012-07-30,3.31,3.50,3.31,3.375,86500,3.319
2012-07-27,3.45,3.45,3.45,3.375,2800,3.319
2012-07-26,3.375,3.375,3.375,3.375,000,3.319
2012-07-25,3.31,3.31,3.31,3.375,25000,3.319
2012-07-24,3.31,3.31,3.31,3.375,10000,3.319
2012-07-23,3.50,3.50,3.425,3.375,6400,3.319
2012-07-20,3.38,3.70,3.38,3.375,336900,3.319
2012-07-19,3.38,3.38,3.38,3.25,6000,3.196
2012-07-18,3.15,3.25,3.00,3.25,3846300,3.196
2012-07-17,3.30,3.375,3.05,3.25,142000,3.196
2012-07-16,3.375,3.375,3.375,3.375,000,3.319
2012-07-13,3.425,3.425,3.425,3.375,24000,3.319
2012-07-12,3.375,3.375,3.375,3.375,000,3.319
2012-07-11,3.30,3.425,3.30,3.375,45800,3.319
2012-07-10,3.47,3.47,3.46,3.375,34000,3.319
2012-07-09,3.37,3.47,3.37,3.47,166300,3.413
2012-07-06,3.37,3.37,3.37,3.375,000,3.319
2012-07-05,3.38,3.38,3.30,3.30,130000,3.246
2012-07-04,3.375,3.375,3.375,3.375,000,3.319
2012-07-03,3.37,3.26,3.26,3.375,29700,3.319
2012-07-02,3.37,3.37,3.37,3.375,300,3.319
2012-06-29,3.375,3.375,3.28,3.375,7200,3.319
2012-06-28,3.375,3.375,3.375,3.375,000,3.319
2012-06-27,3.325,3.325,3.325,3.375,103500,3.319
2012-06-26,3.00,3.06,3.00,3.25,130100,3.196
2012-06-25,3.026,3.03,3.026,3.25,140000,3.196
2012-06-22,2.974,3.27,2.974,3.25,70100,3.196
2012-06-21,3.375,3.375,3.375,3.375,000,3.319
2012-06-20,3.25,3.25,3.25,3.375,53500,3.319
2012-06-19,3.28,3.40,3.28,3.375,40500,3.319
2012-06-18,3.30,3.55,3.30,3.55,35300,3.492
2012-06-15,3.30,3.30,3.30,3.30,30000,3.246
2012-06-14,3.30,3.30,3.30,3.30,20000,3.246
2012-06-13,3.50,3.50,3.50,3.50,000,3.442
2012-06-12,3.26,3.26,3.26,3.26,19500,3.206
2012-06-11,3.35,3.35,3.35,3.35,2200,3.295
2012-06-08,3.32,3.55,3.32,3.55,25500,3.492
2012-06-07,3.50,3.50,3.50,3.50,000,3.442
2012-06-06,3.50,3.50,3.50,3.50,105000,3.442
2012-06-05,3.50,3.50,3.50,3.27,000,3.216
2012-06-04,3.50,3.50,3.50,3.27,000,3.216
2012-06-01,3.55,3.55,3.27,3.27,14000,3.216
2012-05-31,3.55,3.55,3.40,3.40,104000,3.344
2012-05-30,3.40,3.40,3.40,3.40,25000,3.344
2012-05-29,3.69,3.69,3.25,3.55,208000,3.492
2012-05-28,3.69,3.69,3.55,3.50,40000,3.442
2012-05-25,3.55,3.55,3.50,3.50,602500,3.442
2012-05-24,3.25,3.25,3.25,3.25,218400,3.196
2012-05-23,3.625,3.625,3.625,3.625,000,3.565
2012-05-22,3.55,3.50,3.50,3.625,23200,3.565
2012-05-21,3.75,3.75,3.75,3.75,000,3.688
2012-05-18,3.75,3.75,3.75,3.75,000,3.688
2012-05-17,3.75,3.75,3.75,3.75,000,3.688
2012-05-16,3.55,3.61,3.55,3.75,77900,3.688
2012-05-15,4.028,3.55,3.55,3.875,105500,3.811
2012-05-14,4.05,4.05,4.05,4.125,6800,4.057
2012-05-11,4.23,4.23,4.05,4.05,25000,3.983
2012-05-10,4.23,4.23,4.05,4.05,34500,3.983
2012-05-09,4.125,4.125,4.125,4.125,12500,4.057
2012-05-08,4.12,4.12,4.12,4.125,7500,4.057
2012-05-07,4.125,4.125,4.125,4.125,000,4.057
2012-05-04,4.20,4.20,4.20,4.125,5000,4.057
2012-05-03,4.20,4.20,4.20,4.125,12000,4.057
2012-05-02,4.05,4.20,4.05,4.125,35600,4.057
2012-05-01,4.22,4.25,4.05,4.125,366000,4.057
2012-04-30,4.105,4.11,4.105,4.25,25400,4.18
2012-04-27,4.25,4.50,4.06,4.50,46400,4.426
2012-04-26,4.30,4.30,4.10,4.12,302100,4.052
2012-04-25,4.73,4.73,4.30,4.30,24600,4.229
2012-04-24,4.75,4.75,4.35,4.50,639300,4.426
2012-04-23,4.40,4.75,4.75,4.75,77900,4.672
2012-04-20,4.44,4.70,4.70,4.70,99000,4.623
2012-04-19,4.45,4.45,4.15,4.25,26400,4.18
2012-04-18,4.13,4.42,4.13,4.42,20700,4.347
2012-04-17,4.19,4.25,4.19,4.125,134400,4.057
2012-04-16,3.88,3.88,3.88,4.00,600,3.934
2012-04-13,4.19,4.19,4.19,4.00,5000,3.934
2012-04-12,4.19,4.19,3.85,4.18,70600,4.111
2012-04-11,4.19,4.19,4.00,4.00,77100,3.934
2012-04-10,4.34,4.42,3.98,4.00,153200,3.934
2012-04-09,4.125,4.125,4.125,4.125,000,4.057
2012-04-06,4.125,4.125,4.125,4.125,000,4.057
2012-04-05,3.938,3.95,3.604,4.125,653900,4.057
2012-04-04,3.90,4.25,3.90,4.25,32500,4.18
2012-04-03,3.99,4.18,3.77,4.00,363800,3.934
2012-04-02,3.93,4.00,3.66,3.95,356500,3.885
2012-03-30,3.729,3.93,3.727,3.875,649700,3.811
2012-03-29,4.125,4.125,4.125,4.125,000,4.057
2012-03-28,4.125,4.03,4.03,4.125,181500,4.057
2012-03-27,4.26,4.45,4.06,4.43,159300,4.357
2012-03-26,4.47,4.47,4.275,4.375,377800,4.303
2012-03-23,4.35,4.34,4.338,4.375,62500,4.303
2012-03-22,4.48,4.48,4.34,4.47,68700,4.396
2012-03-21,4.72,4.72,4.36,4.50,740800,4.426
2012-03-20,3.91,5.00,3.91,4.75,1831100,4.672
2012-03-19,3.67,4.20,3.56,4.20,378900,4.131
2012-03-16,3.95,3.95,3.35,3.67,771200,3.61
2012-03-15,3.82,4.042,3.82,3.875,301600,3.811
2012-03-14,3.70,3.88,3.70,3.75,385500,3.688
2012-03-13,3.63,3.835,3.35,3.625,1144800,3.347
2012-03-12,3.50,3.68,3.31,3.68,288900,3.398
2012-03-09,3.62,3.68,3.33,3.65,353400,3.37
2012-03-08,3.38,4.00,3.30,3.50,1049200,3.231
2012-03-07,3.00,3.38,3.00,3.375,1653200,3.116
2012-03-06,3.28,3.00,3.00,3.125,135400,2.885
2012-03-05,3.10,3.35,3.013,3.375,162500,3.116
2012-03-02,3.013,3.00,2.875,3.00,157000,2.77
2012-03-01,3.125,3.125,3.125,3.125,000,2.885
2012-02-29,3.00,3.01,3.00,3.125,1512300,2.885
2012-02-28,3.25,3.25,3.25,3.25,000,3.001
2012-02-27,3.03,3.00,3.00,3.25,126000,3.001
2012-02-24,3.03,3.00,3.00,3.25,147000,3.001
2012-02-23,3.30,3.30,3.03,3.30,21000,3.047
2012-02-22,3.00,3.37,3.00,3.30,282000,3.047
2012-02-21,3.13,3.13,3.13,3.25,3000,3.001
2012-02-20,3.10,3.48,3.00,3.00,121400,2.77
2012-02-17,3.22,3.22,3.22,3.25,30500,3.001
2012-02-16,3.06,3.10,3.06,3.125,32400,2.885
2012-02-15,3.10,3.10,3.10,3.25,77400,3.001
2012-02-14,3.30,3.45,3.15,3.25,183500,3.001
2012-02-13,3.30,3.495,3.30,3.25,60000,3.001
2012-02-10,3.44,3.75,3.35,3.25,278700,3.001
2012-02-09,2.95,3.44,2.95,3.44,169700,3.176
2012-02-08,3.13,3.13,2.81,3.00,322000,2.77
2012-02-07,3.13,3.13,3.13,3.00,43100,2.77
2012-02-06,2.64,3.39,2.55,3.00,1481800,2.77
2012-02-03,2.50,2.50,2.50,2.50,000,2.308
2012-02-02,2.55,2.55,2.31,2.31,37400,2.133
2012-02-01,2.50,2.50,2.50,2.50,000,2.308
2012-01-31,2.25,2.65,2.25,2.65,353300,2.447
2012-01-30,2.36,2.60,2.28,2.60,134600,2.40
2012-01-27,2.645,2.645,2.64,2.64,32000,2.437
2012-01-26,2.90,2.90,2.55,2.65,56000,2.447
2012-01-25,2.645,2.645,2.64,2.75,55300,2.539
2012-01-24,2.60,2.60,2.60,2.60,45000,2.40
2012-01-23,2.45,2.60,2.45,2.60,60800,2.40
2012-01-20,2.45,2.45,2.45,2.50,7100,2.308
2012-01-19,2.45,2.45,2.45,2.50,2000,2.308
2012-01-18,2.275,2.28,2.275,2.50,2200,2.308
2012-01-17,2.28,2.48,2.28,2.50,49300,2.308
2012-01-16,2.50,2.50,2.50,2.50,000,2.308
2012-01-13,2.435,2.44,2.435,2.50,50000,2.308
2012-01-12,2.125,2.50,2.125,2.50,96200,2.308
2012-01-11,2.70,2.70,2.70,2.75,8000,2.539
2012-01-10,2.75,2.75,2.75,2.75,000,2.539
2012-01-09,2.50,2.50,2.50,2.50,15000,2.308
2012-01-06,2.50,2.50,2.50,2.50,16000,2.308
2012-01-05,2.75,2.75,2.75,2.75,000,2.539
2012-01-04,2.70,2.70,2.70,2.75,18900,2.539
2012-01-03,2.30,2.30,2.30,2.30,10000,2.123
2012-01-02,2.625,2.625,2.625,2.625,000,2.424
2011-12-30,2.625,2.625,2.625,2.625,000,2.424
2011-12-29,2.75,2.75,2.30,2.30,102200,2.123
2011-12-28,2.80,2.80,2.32,2.32,69100,2.142
2011-12-27,2.625,2.625,2.625,2.625,000,2.424
2011-12-26,2.625,2.625,2.625,2.625,000,2.424
2011-12-23,2.625,2.625,2.625,2.625,000,2.424
2011-12-22,2.80,2.80,2.80,2.625,600,2.424
2011-12-21,2.625,2.625,2.625,2.625,000,2.424
2011-12-20,2.80,2.80,2.38,2.38,17600,2.197
2011-12-19,2.84,2.84,2.50,2.50,115000,2.308
2011-12-16,2.32,2.32,2.32,2.50,38800,2.308
2011-12-15,2.625,2.625,2.625,2.625,10000,2.424
2011-12-14,2.50,2.50,2.50,2.50,000,2.308
2011-12-13,2.40,2.40,2.40,2.50,75000,2.308
2011-12-12,2.50,2.50,2.50,2.50,000,2.308
2011-12-09,2.50,2.50,2.50,2.50,000,2.308
2011-12-08,2.50,2.50,2.50,2.50,000,2.308
2011-12-07,2.50,2.50,2.50,2.50,000,2.308
2011-12-06,2.50,2.50,2.50,2.50,000,2.308
2011-12-05,2.44,2.44,2.30,2.50,160000,2.308
2011-12-02,2.30,2.30,2.25,2.25,415000,2.077
2011-12-01,2.30,2.03,2.03,2.25,94200,2.077
2011-11-30,2.20,2.20,2.20,2.375,24000,2.193
2011-11-29,2.50,2.50,2.50,2.50,000,2.308
2011-11-28,2.25,2.25,2.25,2.50,9300,2.308
2011-11-25,2.53,2.15,2.145,2.50,76400,2.308
2011-11-24,2.53,2.50,2.503,2.625,25000,2.424
2011-11-23,2.625,2.625,2.625,2.625,000,2.424
2011-11-22,2.50,2.50,2.50,2.50,50000,2.308
2011-11-21,2.80,2.80,2.80,2.75,40000,2.539
2011-11-18,2.84,2.84,2.53,2.53,33600,2.336
2011-11-17,2.75,2.75,2.75,2.75,000,2.539
2011-11-16,2.75,2.75,2.75,2.75,000,2.539
2011-11-15,2.50,2.50,2.50,2.50,21900,2.308
2011-11-14,2.85,2.85,2.85,2.75,20000,2.539
2011-11-11,2.605,2.60,2.604,2.875,50000,2.654
2011-11-10,3.00,3.00,3.00,3.00,000,2.77
2011-11-09,2.90,2.90,2.90,3.00,57400,2.77
2011-11-08,3.145,3.145,3.145,3.00,7500,2.77
2011-11-07,3.15,3.15,3.15,3.00,65000,2.77
2011-11-04,2.90,2.90,2.90,3.00,15100,2.77
2011-11-03,3.00,3.00,3.00,3.00,60000,2.77
2011-11-02,3.00,3.00,3.00,3.00,000,2.77
2011-11-01,2.75,2.75,2.75,3.00,124900,2.77
2011-10-31,3.00,3.00,3.00,3.00,000,2.77
2011-10-28,2.75,2.89,2.75,3.00,25100,2.77
2011-10-27,2.75,2.75,2.75,3.00,8000,2.77
2011-10-26,2.50,2.50,2.50,2.50,63400,2.308
2011-10-25,3.00,3.00,2.99,3.00,27000,2.77
2011-10-24,3.00,3.00,3.00,3.00,000,2.77
2011-10-21,2.75,2.75,2.75,3.00,150000,2.77
2011-10-20,3.05,3.05,3.05,3.00,125000,2.77
2011-10-19,3.00,3.00,3.00,3.00,400000,2.77
2011-10-18,3.00,3.00,3.00,3.00,000,2.77
2011-10-17,3.00,3.085,3.00,3.00,17200,2.77
2011-10-14,3.00,3.00,3.00,2.75,100000,2.539
2011-10-13,2.75,2.75,2.75,2.75,000,2.539
2011-10-12,2.50,2.68,2.50,2.75,110000,2.539
2011-10-11,2.75,2.75,2.75,2.75,000,2.539
2011-10-10,2.75,2.75,2.75,2.75,000,2.539
2011-10-07,2.75,2.75,2.75,2.75,000,2.539
2011-10-06,2.383,2.383,2.383,2.38,21300,2.197
2011-10-05,2.75,2.75,2.75,2.75,000,2.539
2011-10-04,2.55,2.55,2.50,2.50,85200,2.308
2011-10-03,2.75,2.75,2.75,2.75,000,2.539
2011-09-30,2.75,2.75,2.75,2.75,000,2.539
2011-09-29,2.60,2.60,2.60,2.75,219000,2.539
2011-09-28,2.75,2.75,2.75,2.75,000,2.539
2011-09-27,2.75,2.75,2.60,2.60,90000,2.40
2011-09-26,2.75,2.75,2.75,2.75,000,2.539
2011-09-23,2.625,2.625,2.625,2.625,000,2.424
2011-09-22,2.875,2.875,2.875,2.875,000,2.654
2011-09-21,2.875,2.875,2.875,2.875,000,2.654
2011-09-20,2.55,2.75,2.55,2.875,227000,2.654
2011-09-19,2.90,2.90,2.90,2.875,16500,2.654
2011-09-16,2.95,2.90,2.90,3.00,23000,2.77
2011-09-15,3.25,2.95,2.95,3.00,20000,2.77
2011-09-14,3.25,3.25,3.25,3.25,000,3.001
2011-09-13,3.25,3.25,3.00,3.00,39000,2.77
2011-09-12,3.00,3.25,3.00,3.25,84800,3.001
2011-09-09,3.375,3.375,3.25,3.25,19000,3.001
2011-09-08,3.25,3.25,3.25,3.375,2900,3.116
2011-09-07,3.45,3.45,3.25,3.25,108000,3.001
2011-09-06,3.25,3.40,3.00,3.375,10500,3.116
2011-09-05,3.40,3.40,3.00,3.00,270000,2.77
2011-09-02,3.105,3.40,3.00,3.00,205000,2.77
2011-09-01,3.25,3.40,3.00,3.25,465100,3.001
2011-08-31,2.75,2.75,2.75,2.75,470000,2.539
2011-08-30,2.695,3.00,2.695,2.75,176100,2.539
2011-08-29,2.50,2.50,2.50,2.50,000,2.308
2011-08-26,2.50,2.50,2.50,2.50,000,2.308
2011-08-25,2.56,2.56,2.56,2.56,3000,2.363
2011-08-24,2.50,2.50,2.50,2.50,000,2.308
2011-08-23,2.395,2.682,2.54,2.54,205000,2.345
2011-08-22,2.40,2.41,2.375,2.375,76000,2.193
2011-08-19,2.30,2.30,2.30,2.375,5000,2.193
2011-08-18,2.50,2.40,2.40,2.375,34000,2.193
2011-08-17,2.55,2.55,2.55,2.625,8000,2.424
2011-08-16,2.70,2.70,2.55,2.625,21200,2.424
2011-08-15,2.713,2.70,2.70,2.625,97200,2.424
2011-08-12,2.845,2.845,2.845,2.75,126200,2.539
2011-08-11,2.75,2.75,2.75,2.75,92600,2.539
2011-08-10,2.95,2.95,2.95,2.875,5100,2.654
2011-08-09,2.925,2.925,2.875,2.875,12900,2.654
2011-08-08,3.20,2.75,2.75,2.875,644800,2.654
2011-08-05,3.06,3.25,3.06,3.25,65000,3.001
2011-08-04,3.263,3.33,3.263,3.375,62800,3.116
2011-08-03,3.375,3.375,3.375,3.375,000,3.116
2011-08-02,3.325,3.33,3.325,3.375,10000,3.116
2011-08-01,3.35,3.418,3.34,3.375,64200,3.116
2011-07-29,3.253,3.25,3.253,3.25,126000,3.001
2011-07-28,3.42,3.448,3.42,3.375,41100,3.116
2011-07-27,3.35,3.51,2.85,3.375,323300,3.116
2011-07-26,3.125,3.125,3.125,3.125,000,2.885
2011-07-25,3.125,3.125,3.125,3.125,000,2.885
2011-07-22,3.125,3.125,3.125,3.125,000,2.885
2011-07-21,3.125,3.125,3.125,3.125,000,2.885
2011-07-20,3.125,3.125,3.125,3.125,000,2.885
2011-07-19,3.25,3.25,3.25,3.125,94000,2.885
2011-07-18,3.625,3.625,3.37,3.37,114200,3.111
2011-07-15,3.05,3.485,3.05,3.50,113000,3.231
2011-07-14,3.25,3.25,3.25,3.375,25000,3.116
2011-07-13,3.25,3.25,3.25,3.25,14500,3.001
2011-07-12,3.50,3.50,3.50,3.50,000,3.231
2011-07-11,3.56,3.56,3.56,3.50,23900,3.231
2011-07-08,3.50,3.50,3.50,3.50,10000,3.231
2011-07-07,3.675,3.681,3.50,3.50,185400,3.231
2011-07-06,3.50,3.50,3.50,3.50,000,3.231
2011-07-05,3.70,3.70,3.50,3.50,20000,3.231
2011-07-04,3.312,3.60,3.312,3.50,112600,3.231
2011-07-01,2.75,2.75,2.75,2.75,000,2.539
2011-06-30,2.795,2.75,2.75,2.75,94700,2.539
2011-06-29,2.80,2.75,2.75,2.875,67000,2.654
2011-06-28,2.687,2.80,2.687,2.875,57300,2.654
2011-06-27,2.875,2.73,2.728,3.00,55000,2.77
2011-06-24,3.00,3.00,3.00,3.00,000,2.77
2011-06-23,2.728,2.728,2.50,2.50,115700,2.308
2011-06-22,2.75,2.55,2.55,3.125,41800,2.885
2011-06-21,2.75,3.125,2.75,3.125,43900,2.885
2011-06-20,3.26,3.26,3.26,3.125,15000,2.885
2011-06-17,3.00,3.125,3.125,3.125,72000,2.885
2011-06-16,3.50,3.50,3.50,3.50,000,3.231
2011-06-15,3.50,3.50,3.50,3.50,000,3.231
2011-06-14,3.50,3.50,3.50,3.50,000,3.231
2011-06-13,3.50,3.50,3.50,3.50,000,3.231
2011-06-10,3.25,3.25,3.25,3.50,32000,3.231
2011-06-09,3.25,3.25,3.25,3.50,11300,3.231
2011-06-08,3.25,3.25,3.25,3.25,20100,3.001
2011-06-07,3.40,3.40,3.375,3.50,50500,3.231
2011-06-06,3.25,3.25,3.25,3.50,10700,3.231
2011-06-03,3.25,3.25,3.25,3.50,3500,3.231
2011-06-02,3.65,3.65,3.65,3.625,6600,3.347
2011-06-01,3.25,3.25,3.25,3.625,3000,3.347
2011-05-31,3.25,3.25,3.25,3.25,11400,3.001
2011-05-30,3.63,3.63,3.63,3.63,000,3.351
2011-05-27,3.625,3.625,3.625,3.625,000,3.347
2011-05-26,3.50,3.50,3.50,3.625,150000,3.347
2011-05-25,4.05,3.875,3.875,3.875,5000,3.578
2011-05-24,3.875,3.875,3.875,3.875,000,3.578
2011-05-23,3.875,3.875,3.875,3.875,000,3.578
2011-05-20,3.875,3.875,3.875,3.875,000,3.578
2011-05-19,3.875,3.875,3.875,3.875,000,3.578
2011-05-18,3.583,3.583,3.50,3.875,100000,3.578
2011-05-17,3.625,3.625,3.625,3.875,74400,3.578
2011-05-16,3.875,4.00,4.00,3.875,98600,3.578
2011-05-13,3.66,3.875,3.875,3.875,98600,3.578
2011-05-12,3.875,3.875,3.875,3.875,000,3.578
2011-05-11,4.00,4.00,4.00,3.875,25000,3.578
2011-05-10,3.875,3.875,3.875,3.875,000,3.578
2011-05-09,3.625,3.625,3.50,3.875,66000,3.578
2011-05-06,3.875,3.875,3.875,3.875,000,3.578
2011-05-05,3.50,3.50,3.50,3.875,200000,3.578
2011-05-04,3.688,3.688,3.688,3.875,20000,3.578
2011-05-03,3.688,3.688,3.688,3.875,83300,3.578
2011-05-02,3.67,3.67,3.67,3.67,000,3.388
2011-04-29,3.67,3.67,3.67,3.67,000,3.388
2011-04-28,3.66,3.875,3.875,3.875,67300,3.578
2011-04-27,4.00,3.875,3.875,3.875,580000,3.578
2011-04-26,4.15,4.15,4.15,3.875,323400,3.578
2011-04-25,3.70,3.70,3.70,3.70,000,3.416
2011-04-22,3.70,3.70,3.70,3.70,000,3.416
2011-04-21,3.70,3.75,3.70,3.875,2951400,3.578
2011-04-20,3.625,3.625,3.625,3.625,000,3.347
2011-04-19,3.502,3.75,3.502,3.625,4161400,3.347
2011-04-18,3.55,3.625,3.625,3.625,49300,3.347
2011-04-15,3.58,3.625,3.625,3.625,100000,3.347
2011-04-14,3.55,3.55,3.55,3.625,37000,3.347
2011-04-13,3.75,3.75,3.75,3.75,000,3.462
2011-04-12,3.70,3.70,3.68,3.75,147000,3.462
2011-04-11,3.70,3.70,3.525,3.75,34000,3.462
2011-04-08,3.70,3.75,3.75,3.75,39900,3.462
2011-04-07,3.70,3.70,3.70,3.75,160700,3.462
2011-04-06,3.75,3.75,3.75,3.75,000,3.462
2011-04-05,3.125,3.85,3.125,3.75,862200,3.462
2011-04-04,3.50,3.65,3.50,3.875,120000,3.578
2011-04-01,4.125,4.125,4.125,4.125,000,3.808
2011-03-31,3.875,3.875,3.875,4.125,280000,3.808
2011-03-30,4.10,4.10,4.02,4.125,93400,3.808
2011-03-29,4.25,4.25,4.25,4.25,000,3.924
2011-03-28,4.35,4.25,4.25,4.25,227600,3.924
2011-03-25,4.25,4.25,4.25,4.125,660000,3.808
2011-03-24,4.50,4.50,4.50,4.50,000,4.155
2011-03-23,4.50,4.50,4.50,4.50,000,4.155
2011-03-22,4.275,4.40,4.275,4.50,116500,4.155
2011-03-21,4.30,4.30,4.30,4.50,160000,4.155
2011-03-18,4.50,4.50,4.50,4.50,000,4.155
2011-03-17,4.50,4.50,4.50,4.50,000,4.155
2011-03-16,4.45,4.45,4.45,4.50,44900,4.155
2011-03-15,4.50,4.50,4.50,4.50,4000,4.155
2011-03-14,4.30,4.325,4.275,4.50,38100,4.155
2011-03-11,4.35,4.35,4.34,4.50,18500,4.155
2011-03-10,4.50,4.50,4.50,4.50,148000,4.155
2011-03-09,5.00,5.00,4.40,4.50,739100,4.155
2011-03-08,4.975,5.10,4.90,5.125,1645300,4.732
2011-03-07,4.56,4.88,4.483,4.75,477000,4.385
2011-03-04,4.50,4.90,4.90,4.90,12800,4.524
2011-03-03,4.50,4.50,4.50,4.50,000,4.155
2011-03-02,4.27,4.27,4.27,4.50,35000,4.155
2011-03-01,4.50,4.50,4.50,4.50,000,4.155
2011-02-28,4.50,4.75,4.50,4.50,120000,4.155
2011-02-25,4.00,4.25,4.25,4.25,78300,3.924
2011-02-24,4.30,4.30,4.253,4.375,15700,4.039
2011-02-23,4.265,4.30,3.75,4.375,146000,4.039
2011-02-22,4.35,4.35,4.35,4.375,84500,4.039
2011-02-21,4.34,4.34,4.265,4.375,24500,4.039
2011-02-18,4.265,4.265,4.255,4.375,62500,4.039
2011-02-17,4.38,4.375,4.375,4.375,20000,4.039
2011-02-16,4.35,4.35,4.35,4.375,13500,4.039
2011-02-15,4.263,4.263,4.263,4.375,80000,4.039
2011-02-14,4.375,4.375,4.25,4.375,175800,4.039
2011-02-11,4.375,4.375,4.375,4.375,000,4.039
2011-02-10,4.375,4.375,4.288,4.375,202200,4.039
2011-02-09,4.375,4.40,4.288,4.29,65300,3.961
2011-02-08,4.38,4.375,4.375,4.375,250000,4.039
2011-02-07,4.38,4.375,4.375,4.375,000,4.039
2011-02-04,4.625,4.65,4.00,4.375,192600,4.039
2011-02-03,4.625,4.65,4.625,4.625,32000,4.27
2011-02-02,4.625,4.70,4.25,4.25,70600,3.924
2011-02-01,4.50,4.50,4.50,4.50,000,4.155
2011-01-31,4.50,4.50,4.50,4.50,000,4.155
2011-01-28,4.50,4.50,4.50,4.50,3500,4.155
2011-01-27,4.625,4.50,4.00,4.25,172800,3.924
2011-01-26,4.625,4.75,4.625,4.75,56000,4.385
2011-01-25,4.875,4.90,4.625,4.90,15100,4.524
2011-01-24,4.88,4.875,4.875,4.875,000,4.501
2011-01-21,5.00,5.00,4.25,5.00,170500,4.616
2011-01-20,5.00,5.125,4.75,4.75,555000,4.385
2011-01-19,5.00,5.00,4.25,4.88,564100,4.505
2011-01-18,5.00,5.00,4.875,5.00,67600,4.616
2011-01-17,5.125,5.343,4.75,4.78,133200,4.413
2011-01-14,5.125,5.35,5.125,5.35,6800,4.939
2011-01-13,5.125,5.125,4.75,4.75,25000,4.385
2011-01-12,4.875,5.418,4.763,4.76,82700,4.395
2011-01-11,4.875,5.00,4.763,4.76,91500,4.395
2011-01-10,5.00,5.00,4.65,4.65,555500,4.293
2011-01-07,5.00,5.15,4.75,5.15,112200,4.755
2011-01-06,5.00,5.00,4.855,4.86,45000,4.487
2011-01-05,5.125,5.164,4.80,4.86,60900,4.487
2011-01-04,5.125,5.418,4.855,4.86,45100,4.487
2011-01-03,4.85,4.85,4.85,4.85,000,4.478
2010-12-31,5.00,5.20,4.85,4.85,139200,4.478
2010-12-30,5.00,5.00,4.825,4.83,50000,4.459
2010-12-29,5.00,5.00,4.85,4.85,27000,4.478
2010-12-27,5.00,5.00,5.00,5.00,000,4.616
2010-12-24,5.00,5.20,5.00,5.20,64200,4.801
2010-12-23,5.00,5.175,4.805,5.18,24200,4.782
2010-12-22,5.00,5.00,4.875,4.88,52300,4.505
2010-12-21,5.00,5.145,5.00,5.15,1000,4.755
2010-12-20,4.875,5.195,4.805,5.20,170400,4.801
2010-12-17,4.75,5.50,4.62,4.75,242500,4.385
2010-12-16,4.698,4.75,4.40,4.70,447300,4.339
2010-12-15,5.25,5.125,5.05,5.05,22000,4.662
2010-12-14,5.125,5.25,5.10,5.10,77300,4.709
2010-12-13,5.125,5.15,5.00,5.125,246800,4.732
2010-12-10,5.125,5.15,5.00,5.15,54400,4.755
2010-12-09,5.125,5.154,5.00,5.03,234900,4.644
2010-12-08,5.125,5.17,5.03,5.15,93600,4.755
2010-12-07,5.25,5.39,5.03,5.03,116800,4.644
2010-12-06,5.25,5.39,5.05,5.05,89900,4.662
2010-12-03,5.25,5.30,5.23,5.30,57100,4.893
2010-12-02,5.25,5.30,5.00,5.30,22000,4.893
2010-12-01,5.25,5.395,5.25,5.39,5800,4.976
2010-11-30,5.375,5.42,5.15,5.25,379700,4.847
2010-11-29,5.00,5.75,5.145,5.375,1188300,4.962
2010-11-26,5.00,5.145,5.00,5.15,30300,4.755
2010-11-25,5.25,5.25,5.00,5.13,238300,4.736
2010-11-24,5.375,5.40,5.00,5.25,305700,4.847
2010-11-23,5.375,5.375,5.075,5.08,10000,4.69
2010-11-22,5.375,5.421,5.038,5.04,163200,4.653
2010-11-19,5.375,5.40,5.375,5.375,17500,4.962
2010-11-18,5.375,5.40,5.10,5.375,73800,4.962
2010-11-17,5.375,5.40,5.083,5.08,41300,4.69
2010-11-16,5.375,5.585,5.15,5.15,174400,4.755
2010-11-15,5.125,5.42,4.875,5.15,516000,4.755
2010-11-12,4.25,6.00,4.25,5.25,1509100,4.847
2010-11-11,3.875,4.447,4.055,4.25,408600,3.924
2010-11-10,3.875,4.075,3.69,4.08,296400,3.767
2010-11-09,4.125,4.08,3.875,4.00,303800,3.693
2010-11-08,4.625,4.50,4.00,4.25,357100,3.924
2010-11-05,4.625,4.50,4.25,4.26,75900,3.933
2010-11-04,4.63,4.625,4.625,4.625,000,4.27
2010-11-03,4.63,4.625,4.625,4.625,000,4.27
2010-11-02,4.625,4.50,4.00,4.50,55000,4.155
2010-11-01,4.625,4.50,4.50,4.50,25000,4.155
2010-10-29,4.50,4.625,3.80,3.80,57800,3.508
2010-10-28,4.50,4.60,4.60,4.60,10000,4.247
2010-10-27,4.50,4.62,4.255,4.60,20600,4.247
2010-10-26,4.75,4.625,4.25,4.63,81300,4.275
2010-10-25,4.75,4.75,4.75,4.75,000,4.385
2010-10-22,4.75,4.75,4.50,4.70,28000,4.339
2010-10-21,4.875,4.625,4.25,4.60,62700,4.247
2010-10-20,4.875,4.625,4.05,4.50,106200,4.155
2010-10-19,4.875,4.625,4.625,4.625,36000,4.27
2010-10-18,5.00,5.00,5.00,5.00,000,4.616
2010-10-15,5.00,4.91,4.05,4.91,43900,4.533
2010-10-14,5.00,5.00,4.50,4.50,4400,4.155
2010-10-13,5.00,5.00,5.00,5.00,000,4.616
2010-10-12,5.125,4.95,4.50,4.95,26100,4.57
2010-10-11,5.125,5.05,4.758,5.05,21100,4.662
2010-10-08,5.125,5.00,4.75,4.75,11000,4.385
2010-10-07,5.125,5.00,4.75,5.00,20100,4.616
2010-10-06,5.125,4.75,4.75,4.75,4700,4.385
2010-10-05,5.125,4.75,4.75,4.75,42800,4.385
2010-10-04,5.125,4.75,4.75,4.75,8400,4.385
2010-10-01,5.125,4.75,4.75,4.75,5000,4.385
2010-09-30,5.125,4.75,4.75,4.75,2500,4.385
2010-09-29,5.125,5.05,5.05,5.05,100,4.662
2010-09-28,5.125,4.75,4.75,4.75,5800,4.385
2010-09-27,5.125,5.125,5.125,5.125,000,4.732
2010-09-24,5.125,5.125,5.125,5.125,000,4.732
2010-09-23,5.00,5.00,5.00,5.00,000,4.616
2010-09-22,4.875,4.875,4.875,4.875,000,4.501
2010-09-21,4.75,4.75,4.50,4.50,80000,4.155
2010-09-20,4.75,4.875,4.875,4.875,61500,4.501
2010-09-17,4.75,4.875,4.575,4.875,48100,4.501
2010-09-16,5.125,4.842,4.575,4.842,35100,4.47
2010-09-15,5.125,5.125,5.125,5.125,000,4.732
2010-09-14,5.00,4.75,4.75,4.75,7300,4.385
2010-09-13,5.00,5.00,4.805,5.00,39900,4.616
2010-09-10,5.00,4.80,4.75,4.75,93600,4.385
2010-09-09,5.00,4.805,4.805,4.805,28300,4.436
2010-09-08,5.00,5.00,5.00,5.00,000,4.616
2010-09-07,5.375,5.30,4.90,4.90,86100,4.524
2010-09-06,5.375,5.255,5.255,5.255,16900,4.852
2010-09-03,5.25,5.475,5.00,5.44,179000,5.022
2010-09-02,5.25,5.25,5.113,5.11,23900,4.718
2010-09-01,5.25,5.404,5.113,5.40,4700,4.985
2010-08-31,5.25,5.404,5.25,5.40,10000,4.985
2010-08-30,5.375,5.375,5.375,5.375,000,4.962
2010-08-27,5.25,5.375,5.375,5.375,9000,4.962
2010-08-26,5.25,5.375,5.375,5.375,9300,4.962
2010-08-25,5.25,5.375,5.375,5.375,18200,4.962
2010-08-24,5.375,5.33,5.20,5.33,197300,4.921
2010-08-23,5.50,5.325,5.00,5.325,411500,4.916
2010-08-20,5.625,5.88,5.30,5.30,51800,4.893
2010-08-19,5.50,5.44,5.30,5.44,52500,5.022
2010-08-18,5.625,5.69,5.305,5.31,17000,4.902
2010-08-17,5.625,5.69,5.30,5.30,97400,4.893
2010-08-16,5.50,5.781,5.25,5.69,152600,5.253
2010-08-13,5.25,6.00,5.25,5.75,368700,5.309
2010-08-12,5.25,5.45,5.25,5.45,104700,5.032
2010-08-11,5.25,5.42,4.75,5.395,181300,4.981
2010-08-10,5.125,5.50,4.85,5.445,121700,5.027
2010-08-09,4.75,5.40,4.85,5.30,173900,4.893
2010-08-06,4.75,4.905,4.625,4.905,563200,4.528
2010-08-05,4.25,4.858,4.395,4.86,45100,4.487
2010-08-04,4.50,4.50,4.50,4.50,000,4.155
2010-08-03,4.50,4.65,4.65,4.65,100,4.293
2010-08-02,4.25,4.69,4.34,4.67,195600,4.312
2010-07-30,4.25,4.175,4.175,4.175,100000,3.855
2010-07-29,4.25,4.25,4.25,4.25,000,3.924
2010-07-28,4.25,4.25,4.19,4.25,11900,3.924
2010-07-27,4.25,4.20,4.00,4.00,46200,3.693
2010-07-26,4.25,4.22,4.06,4.06,98300,3.748
2010-07-23,4.25,4.25,4.15,4.25,146900,3.924
2010-07-22,4.375,4.50,4.125,4.25,380100,3.924
2010-07-21,4.25,4.50,4.375,4.50,150000,4.155
2010-07-20,4.625,4.74,4.25,4.375,1078300,4.039
2010-07-19,4.75,5.50,4.625,5.00,604400,4.616
2010-07-16,4.25,4.45,4.125,4.40,145600,4.062
2010-07-15,4.125,4.45,4.10,4.25,223800,3.924
2010-07-14,4.125,4.00,3.80,4.00,160000,3.693
2010-07-13,4.125,4.125,4.125,4.125,000,3.808
2010-07-12,4.125,4.125,4.125,4.125,000,3.808
2010-07-09,4.125,4.125,4.125,4.125,000,3.808
2010-07-08,4.125,4.125,4.125,4.125,000,3.808
2010-07-07,4.125,4.193,4.125,4.19,1100,3.868
2010-07-06,4.125,4.193,3.75,4.19,333400,3.868
2010-07-05,4.375,4.125,3.75,4.125,75000,3.808
2010-07-02,4.38,4.38,4.38,3.50,20000,3.231
2010-07-01,4.375,4.375,4.375,4.375,000,4.039
2010-06-30,4.375,4.375,4.375,4.375,000,4.039
2010-06-29,4.375,4.375,4.368,4.375,2400,4.039
2010-06-28,4.625,4.25,4.25,4.25,27100,3.924
2010-06-25,4.625,4.625,4.625,4.625,000,4.27
2010-06-24,4.625,4.625,4.618,4.625,50000,4.27
2010-06-23,4.50,4.625,4.588,4.625,40000,4.27
2010-06-22,4.625,4.625,4.625,4.625,000,4.27
2010-06-21,4.625,4.25,4.25,4.25,3000,3.924
2010-06-18,4.625,4.625,4.625,4.625,000,4.27
2010-06-17,4.625,4.55,4.25,4.55,185000,4.201
2010-06-16,4.625,4.60,4.25,4.60,62200,4.247
2010-06-15,4.625,4.61,4.25,4.61,3700,4.256
2010-06-14,4.625,4.625,4.625,4.625,000,4.27
2010-06-11,4.625,4.61,4.00,4.61,65000,4.256
2010-06-10,4.625,4.30,4.30,4.30,35000,3.97
2010-06-09,4.625,4.625,4.625,4.625,000,4.27
2010-06-08,4.625,4.625,4.625,4.625,000,4.27
2010-06-07,4.75,4.76,4.00,4.50,41100,4.155
2010-06-04,4.75,4.75,4.75,4.75,425000,4.385
2010-06-03,4.75,4.75,4.70,4.70,31900,4.339
2010-06-02,4.625,4.75,4.70,4.70,51200,4.339
2010-06-01,4.625,4.76,4.75,4.75,82400,4.385
2010-05-31,4.625,4.625,4.625,4.625,000,4.27
2010-05-28,4.625,4.625,4.625,4.625,000,4.27
2010-05-27,4.75,4.50,4.50,4.50,19300,4.155
2010-05-26,4.75,4.75,4.75,4.75,000,4.385
2010-05-25,5.00,4.625,4.00,4.50,377400,4.155
2010-05-24,5.00,5.00,5.00,5.00,000,4.616
2010-05-21,5.00,4.90,4.90,4.90,12500,4.524
2010-05-20,4.75,4.92,4.75,4.75,135800,4.385
2010-05-19,4.75,4.75,4.75,4.75,000,4.385
2010-05-18,4.75,4.75,4.75,4.75,000,4.385
2010-05-17,4.875,4.75,4.65,4.65,5000,4.293
2010-05-14,4.875,5.09,5.09,5.09,19300,4.699
2010-05-13,4.75,4.85,4.50,4.50,244000,4.155
2010-05-12,4.75,4.75,4.75,4.75,000,4.385
2010-05-11,4.75,4.92,4.84,4.84,140800,4.468
2010-05-10,4.75,4.92,4.55,4.55,62100,4.201
2010-05-07,4.75,4.55,4.55,4.55,10000,4.201
2010-05-06,4.875,4.875,4.875,4.875,000,4.501
2010-05-05,4.875,5.025,4.50,4.55,1469500,4.201
2010-05-04,4.875,4.65,4.50,4.50,593500,4.155
2010-05-03,4.875,4.875,4.875,4.875,000,4.501
2010-04-30,4.875,4.875,4.553,4.55,1800,4.201
2010-04-29,4.875,4.875,4.875,4.875,000,4.501
2010-04-28,4.875,4.995,4.99,4.995,89700,4.612
2010-04-27,5.00,4.75,4.75,4.75,17200,4.385
2010-04-26,5.25,5.00,4.75,4.95,337500,4.57
2010-04-23,5.25,5.10,5.10,5.10,40000,4.709
2010-04-22,5.25,5.00,5.00,5.00,9000,4.616
2010-04-21,5.25,5.10,5.10,5.10,13000,4.709
2010-04-20,5.25,5.085,5.085,5.085,180000,4.695
2010-04-19,5.25,5.25,5.225,5.225,251700,4.824
2010-04-16,5.25,5.225,5.225,5.225,20000,4.824
2010-04-15,5.25,5.10,5.10,5.10,1700,4.709
2010-04-14,5.25,5.25,5.25,5.25,000,4.847
2010-04-13,5.25,5.25,5.088,5.09,58200,4.699
2010-04-12,5.25,5.09,5.09,5.09,43000,4.699
2010-04-09,5.25,5.09,5.08,5.08,140000,4.69
2010-04-08,5.25,5.01,5.00,5.00,10400,4.616
2010-04-07,5.25,5.00,5.00,5.00,10000,4.616
2010-04-06,5.375,5.125,5.125,5.125,20000,4.732
2010-04-05,5.00,5.00,5.00,5.00,000,4.616
2010-04-02,5.00,5.00,5.00,5.00,000,4.616
2010-04-01,5.375,5.00,5.00,5.00,60000,4.616
2010-03-31,5.375,5.375,5.015,5.02,25000,4.635
2010-03-30,5.375,5.375,5.375,5.375,184800,4.962
2010-03-29,5.375,5.375,5.00,5.375,152000,4.962
2010-03-26,5.375,5.375,5.015,5.02,5500,4.635
2010-03-25,5.375,5.39,5.00,5.00,49300,4.616
2010-03-24,5.375,5.375,5.375,5.375,000,4.962
2010-03-23,5.375,5.39,5.05,5.39,53200,4.976
2010-03-22,5.50,5.44,5.175,5.25,41700,4.847
2010-03-19,5.375,5.44,5.44,5.44,3000,5.022
2010-03-18,5.375,5.175,5.175,5.175,99300,4.778
2010-03-17,5.375,5.175,5.175,5.175,5100,4.778
2010-03-16,5.375,5.375,5.375,5.375,000,4.962
2010-03-15,5.375,5.18,5.175,5.18,25000,4.782
2010-03-12,5.375,5.75,5.75,5.75,20000,5.309
2010-03-11,5.25,5.74,4.625,4.625,66700,4.27
2010-03-10,5.75,5.58,5.30,5.325,290900,4.916
2010-03-09,5.75,5.75,5.50,5.50,50000,5.078
2010-03-08,5.75,5.675,5.50,5.575,114000,5.147
2010-03-05,5.75,5.75,5.50,5.50,180800,5.078
2010-03-04,5.75,5.725,5.50,5.69,229900,5.253
2010-03-03,5.75,5.75,5.50,5.50,269300,5.078
2010-03-02,5.50,5.85,5.25,5.775,2289300,5.332
2010-03-01,5.75,6.24,5.00,5.50,2365400,5.078
2010-02-26,5.625,6.25,5.40,5.938,190300,5.482
2010-02-25,6.00,6.00,5.70,6.00,174800,5.539
2010-02-24,6.375,6.375,6.375,6.375,000,5.886
2010-02-23,6.50,6.50,6.50,6.50,000,6.001
2010-02-22,6.625,6.75,6.75,6.75,97300,6.232
2010-02-19,6.625,6.60,6.60,6.60,100000,6.093
2010-02-18,6.625,7.00,6.525,6.558,64700,6.055
2010-02-17,6.00,7.00,6.25,6.525,136300,6.024
2010-02-16,6.00,6.25,6.00,6.20,19200,5.724
2010-02-15,6.00,6.25,6.00,6.25,700,5.77
2010-02-12,6.00,6.00,5.625,5.625,42500,5.193
2010-02-11,5.50,6.00,5.625,5.71,95500,5.272
2010-02-10,5.375,5.75,5.75,5.75,37500,5.309
2010-02-09,5.625,5.00,5.00,5.00,20000,4.616
2010-02-08,5.875,6.125,5.408,5.408,49100,4.993
2010-02-05,6.00,5.875,5.855,5.875,34700,5.424
2010-02-04,6.125,6.00,5.91,5.91,20000,5.456
2010-02-03,6.125,6.125,6.125,6.125,000,5.655
2010-02-02,6.00,6.30,6.125,6.30,1000,5.816
2010-02-01,6.125,6.125,6.125,6.125,100000,5.655
2010-01-29,6.125,6.20,5.908,5.908,13400,5.454
2010-01-28,6.375,6.00,6.00,6.00,1300,5.539
2010-01-27,6.75,6.75,6.50,6.50,110600,6.001
2010-01-26,6.75,6.69,6.50,6.69,35000,6.176
2010-01-25,6.00,7.125,6.50,6.70,510300,6.186
2010-01-22,6.375,6.75,6.00,6.375,334400,5.886
2010-01-21,5.625,6.50,5.988,6.12,172400,5.65
2010-01-20,6.125,5.60,5.60,5.60,15000,5.17
2010-01-19,6.375,5.95,5.75,5.95,66500,5.493
2010-01-18,6.875,6.80,6.00,6.31,368800,5.826
2010-01-15,6.875,6.80,6.80,6.80,31800,6.278
2010-01-14,6.875,6.80,6.25,6.80,78900,6.278
2010-01-13,7.00,7.40,6.75,6.80,234000,6.278
2010-01-12,7.125,7.40,6.50,7.40,904900,6.832
2010-01-11,6.50,8.20,6.60,8.20,364100,7.571
2010-01-08,5.875,6.75,6.00,6.75,500800,6.232
2010-01-07,6.00,6.195,5.50,5.50,285300,5.078
2010-01-06,5.875,6.25,5.90,6.195,645400,5.719
2010-01-05,5.375,6.00,5.625,6.00,50000,5.539
2010-01-04,5.25,5.75,5.675,5.75,69900,5.309
2010-01-01,5.25,5.25,5.25,5.25,000,4.847
2009-12-31,5.125,5.75,5.20,5.65,107000,5.216
2009-12-30,5.00,5.40,5.35,5.35,56000,4.939
2009-12-29,5.00,5.00,5.00,5.00,000,4.616
2009-12-28,5.00,5.00,5.00,5.00,000,4.616
2009-12-25,5.00,5.00,5.00,5.00,000,4.616
2009-12-24,5.00,4.625,4.625,4.625,4500,4.27
2009-12-23,5.00,5.00,5.00,5.00,000,4.616
2009-12-22,5.00,5.00,5.00,5.00,000,4.616
2009-12-21,4.75,5.125,5.10,5.10,109800,4.709
2009-12-18,4.50,4.875,4.875,4.875,20000,4.501
2009-12-17,4.75,4.75,4.65,4.65,60000,4.293
2009-12-16,4.875,4.875,4.875,4.875,000,4.501
2009-12-15,4.875,4.875,4.875,4.875,000,4.501
2009-12-14,5.00,5.00,5.00,5.00,000,4.616
2009-12-11,5.125,5.00,4.75,4.75,40000,4.385
2009-12-10,5.00,5.125,5.125,5.125,20000,4.732
2009-12-09,5.125,5.00,5.00,5.00,24000,4.616
2009-12-08,5.125,4.75,4.75,4.75,30000,4.385
2009-12-07,5.50,5.45,5.125,5.125,700,4.732
2009-12-04,5.50,5.50,5.50,5.50,000,5.078
2009-12-03,5.50,5.50,5.50,5.50,000,5.078
2009-12-02,5.50,5.50,5.50,5.50,000,5.078
2009-12-01,5.50,5.50,5.50,5.50,000,5.078
2009-11-30,5.50,5.50,5.50,5.50,000,5.078
2009-11-27,5.625,5.625,5.625,5.625,000,5.193
2009-11-26,5.625,5.625,5.625,5.625,000,5.193
2009-11-25,5.625,5.625,5.625,5.625,000,5.193
2009-11-24,5.625,5.325,5.325,5.325,20000,4.916
2009-11-23,5.50,5.45,5.45,5.45,50000,5.032
2009-11-20,5.00,5.50,5.25,5.50,200000,5.078
2009-11-19,5.00,5.00,5.00,5.00,000,4.616
2009-11-18,5.00,5.00,5.00,5.00,000,4.616
2009-11-17,5.00,5.00,5.00,5.00,000,4.616
2009-11-16,5.00,5.00,5.00,5.00,000,4.616
2009-11-13,5.00,5.125,5.125,5.125,20000,4.732
2009-11-12,5.00,5.00,5.00,5.00,000,4.616
2009-11-11,5.25,5.05,4.75,5.00,77900,4.616
2009-11-10,5.25,5.125,5.00,5.00,121700,4.616
2009-11-09,4.625,4.95,4.95,4.95,21700,4.57
2009-11-06,4.625,4.625,4.625,4.625,000,4.27
2009-11-05,4.625,4.625,4.625,4.625,000,4.27
2009-11-04,4.625,4.625,4.625,4.625,000,4.27
2009-11-03,4.875,4.875,4.875,4.875,000,4.501
2009-11-02,4.625,4.625,4.625,4.625,000,4.27
2009-10-30,4.625,4.625,4.625,4.625,000,4.27
2009-10-29,4.625,4.625,4.625,4.625,000,4.27
2009-10-28,4.75,4.75,4.75,4.75,000,4.385
2009-10-27,4.75,4.75,4.75,4.75,000,4.385
2009-10-26,4.75,4.75,4.75,4.75,000,4.385
2009-10-23,4.75,4.75,4.75,4.75,000,4.385
2009-10-22,4.75,4.75,4.75,4.75,000,4.385
2009-10-21,4.75,4.75,4.75,4.75,000,4.385
2009-10-20,5.125,5.125,5.125,5.125,000,4.732
2009-10-19,5.125,5.125,5.125,5.125,000,4.732
2009-10-16,4.75,4.75,4.75,4.75,15000,4.385
2009-10-15,4.50,4.50,4.50,4.50,000,4.155
2009-10-14,4.50,4.50,4.50,4.50,000,4.155
2009-10-13,4.50,4.50,4.50,4.50,000,4.155
2009-10-12,4.50,4.50,4.50,4.50,000,4.155
2009-10-09,4.50,4.50,4.50,4.50,000,4.155
2009-10-08,4.50,4.50,4.50,4.50,000,4.155
2009-10-07,4.50,4.50,4.50,4.50,000,4.155
2009-10-06,4.375,4.375,4.375,4.375,000,4.039
2009-10-05,4.50,4.50,4.50,4.50,000,4.155
2009-10-02,4.375,4.375,4.375,4.375,000,4.039
2009-10-01,4.375,4.75,4.75,4.75,250000,4.385
2009-09-30,4.375,4.375,4.375,4.375,000,4.039
2009-09-29,4.375,4.375,4.375,4.375,000,4.039
2009-09-28,4.375,4.05,4.05,4.05,30000,3.739
2009-09-25,4.375,4.375,4.375,4.375,000,4.039
2009-09-24,4.375,4.375,4.375,4.375,000,4.039
2009-09-23,4.375,4.125,4.125,4.125,60000,3.808
2009-09-22,4.375,4.375,4.00,4.375,340800,4.039
2009-09-21,4.375,4.60,4.60,4.60,1200,4.247
2009-09-18,4.375,4.375,4.375,4.375,000,4.039
2009-09-17,4.375,4.625,4.625,4.625,20000,4.27
2009-09-16,4.375,4.375,4.375,4.375,000,4.039
2009-09-15,4.375,4.25,3.50,4.25,506300,3.924
2009-09-14,4.25,4.25,4.25,4.25,000,3.924
2009-09-11,4.375,4.375,4.375,4.375,000,4.039
2009-09-10,4.375,4.375,4.375,4.375,000,4.039
2009-09-09,4.50,4.26,4.26,4.26,56600,3.933
2009-09-08,4.375,4.25,4.25,4.25,70000,3.924
2009-09-07,4.375,4.25,4.25,4.25,10000,3.924
2009-09-04,4.375,4.375,4.375,4.375,000,4.039
2009-09-03,4.375,4.375,4.375,4.375,000,4.039
2009-09-02,4.50,4.50,4.50,4.50,000,4.155
2009-09-01,4.25,4.25,4.25,4.25,000,3.924
2009-08-31,4.125,4.125,4.125,4.125,000,3.808
2009-08-28,4.125,4.125,4.125,4.125,000,3.808
2009-08-27,4.125,4.30,3.90,3.90,167500,3.601
2009-08-26,4.125,4.125,4.125,4.125,000,3.808
2009-08-25,4.125,4.125,4.125,4.125,000,3.808
2009-08-24,4.00,4.00,4.00,4.00,000,3.693
2009-08-21,4.125,4.125,4.125,4.125,000,3.808
2009-08-20,4.125,3.84,3.84,3.84,6000,3.545
2009-08-19,4.125,4.25,4.25,4.25,35200,3.924
2009-08-18,4.125,4.25,4.25,4.25,5700,3.924
2009-08-17,4.125,4.25,4.25,4.25,82000,3.924
2009-08-14,4.125,4.25,4.25,4.25,20000,3.924
2009-08-13,4.125,4.125,4.125,4.125,000,3.808
2009-08-12,4.125,4.25,4.25,4.25,10200,3.924
2009-08-11,4.125,4.125,4.125,4.125,000,3.808
2009-08-10,4.00,4.25,4.25,4.25,7500,3.924
2009-08-07,4.125,4.35,4.30,4.35,82100,4.016
2009-08-06,4.125,4.50,4.25,4.50,85000,4.155
2009-08-05,4.25,4.25,4.20,4.25,22500,3.924
2009-08-04,4.375,4.50,4.50,4.50,250000,4.155
2009-08-03,4.375,4.15,4.15,4.15,30000,3.831
2009-07-31,4.375,4.625,4.625,4.625,12000,4.27
2009-07-30,4.375,4.75,4.05,4.15,209500,3.831
2009-07-29,4.375,4.09,4.09,4.09,11000,3.776
2009-07-28,4.375,4.58,4.58,4.58,000,4.228
2009-07-27,4.375,4.00,4.00,4.00,8600,3.693
2009-07-24,4.375,4.375,4.375,4.375,150000,4.039
2009-07-23,4.375,4.60,4.375,4.375,151600,4.039
2009-07-22,4.375,4.60,4.60,4.60,4100,4.247
2009-07-21,4.50,4.50,4.50,4.50,000,4.155
2009-07-20,4.50,4.50,4.50,4.50,000,4.155
2009-07-17,4.375,4.66,4.25,4.25,110000,3.924
2009-07-16,4.375,4.375,4.375,4.375,000,4.039
2009-07-15,4.375,4.75,4.35,4.35,295000,4.016
2009-07-14,4.375,4.375,4.375,4.375,000,4.039
2009-07-13,4.375,4.75,4.75,4.75,5000,4.385
2009-07-10,4.375,4.75,4.25,4.75,35200,4.385
2009-07-09,4.375,4.375,4.375,4.375,000,4.039
2009-07-08,4.375,4.375,4.375,4.375,000,4.039
2009-07-07,4.375,4.75,4.66,4.66,240500,4.302
2009-07-06,4.375,4.50,4.50,4.50,76000,4.155
2009-07-03,4.375,4.50,4.50,4.50,104200,4.155
2009-07-02,4.375,4.50,4.50,4.50,32000,4.155
2009-07-01,4.375,4.66,4.15,4.16,457000,3.841
2009-06-30,4.50,4.50,4.15,4.15,248200,3.831
2009-06-29,4.50,4.62,4.125,4.62,48800,4.265
2009-06-26,4.75,4.625,4.625,4.625,50000,4.27
2009-06-25,4.75,4.625,4.625,4.625,28200,4.27
2009-06-24,4.875,4.50,4.25,4.50,64000,4.155
2009-06-23,4.875,4.59,4.59,4.59,10000,4.238
2009-06-22,4.875,4.95,4.95,4.95,1800,4.57
2009-06-19,4.625,4.75,4.50,4.50,120000,4.155
2009-06-18,4.25,4.72,4.50,4.72,1575600,4.358
2009-06-17,4.625,4.50,4.09,4.50,626300,4.155
2009-06-16,4.63,4.70,4.25,4.625,55100,4.27
2009-06-15,4.625,4.50,4.34,4.34,290500,4.007
2009-06-12,4.875,5.75,4.125,5.00,876200,4.616
2009-06-11,4.875,5.25,4.50,5.15,132000,4.755
2009-06-10,4.625,5.25,4.80,5.25,117800,4.847
2009-06-09,3.625,4.875,4.15,4.35,263500,4.016
2009-06-08,3.625,3.60,3.55,3.55,29000,3.277
2009-06-05,3.625,3.60,3.60,3.60,5000,3.324
2009-06-04,3.625,3.625,3.625,3.625,000,3.347
2009-06-03,3.625,3.91,3.58,3.91,78200,3.61
2009-06-02,3.625,3.55,3.55,3.55,28500,3.277
2009-06-01,3.375,3.75,3.66,3.75,165000,3.462
2009-05-29,3.375,3.375,3.375,3.375,000,3.116
2009-05-28,3.375,3.375,3.09,3.09,10000,2.853
2009-05-27,3.50,3.375,3.375,3.375,27000,3.116
2009-05-26,3.50,3.50,3.31,3.31,180500,3.056
2009-05-25,3.50,3.50,3.50,3.50,000,3.231
2009-05-22,3.50,3.50,3.50,3.50,000,3.231
2009-05-21,3.50,3.50,3.00,3.50,217500,3.231
2009-05-20,3.375,4.00,3.25,3.25,563200,3.001
2009-05-19,3.375,3.375,3.375,3.00,43700,2.77
2009-05-18,3.625,3.50,3.50,3.50,12700,3.231
2009-05-15,3.625,3.505,2.75,3.50,390600,3.231
2009-05-14,3.625,3.625,3.625,3.625,000,3.347
2009-05-13,3.75,3.56,3.50,3.50,32200,3.231
2009-05-12,3.75,3.625,3.625,3.625,60000,3.347
2009-05-11,3.75,3.75,3.00,3.00,73700,2.77
2009-05-08,4.25,3.94,3.00,3.94,140000,3.638
2009-05-07,4.25,4.25,4.00,4.00,38100,3.693
2009-05-06,4.25,4.25,4.00,4.06,98500,3.748
2009-05-05,4.25,4.06,4.00,4.06,12600,3.748
2009-05-04,4.25,4.25,4.25,4.25,000,3.924
2009-05-01,4.63,4.70,4.25,4.25,361100,3.924
2009-04-30,3.375,5.00,3.75,4.91,299400,4.533
2009-04-29,3.375,3.375,3.375,3.375,13300,3.116
2009-04-28,3.375,3.375,3.375,3.375,000,3.116
2009-04-27,3.375,3.375,3.375,3.375,60000,3.116
2009-04-24,3.375,3.30,3.30,3.30,30000,3.047
2009-04-23,3.375,3.70,3.30,3.30,174100,3.047
2009-04-22,3.375,3.375,3.375,3.375,10500,3.116
2009-04-21,3.375,3.375,3.375,3.375,000,3.116
2009-04-20,3.375,3.375,3.375,3.375,000,3.116
2009-04-17,3.25,3.75,3.25,3.30,150000,3.047
2009-04-16,3.25,3.50,3.25,3.50,20000,3.231
2009-04-15,3.125,3.50,3.125,3.50,115000,3.231
2009-04-14,3.125,3.375,2.90,3.375,55300,3.116
2009-04-13,3.41,3.41,3.41,3.41,000,3.148
2009-04-10,3.41,3.41,3.41,3.41,000,3.148
2009-04-09,3.125,3.485,3.41,3.41,41100,3.148
2009-04-08,2.625,3.25,2.875,3.25,162300,3.001
2009-04-07,2.625,2.625,2.625,3.00,50300,2.77
2009-04-06,2.50,3.00,2.625,2.625,46000,2.424
2009-04-03,2.50,2.50,2.50,2.50,000,2.308
2009-04-02,2.50,2.50,2.375,2.38,13300,2.197
2009-04-01,2.50,2.50,2.50,2.50,25000,2.308
2009-03-31,2.50,2.50,2.50,2.50,000,2.308
2009-03-30,2.50,2.50,2.50,2.50,50000,2.308
2009-03-27,2.50,2.50,2.50,2.50,000,2.308
2009-03-26,2.50,2.85,2.50,2.50,10100,2.308
2009-03-25,2.50,2.50,2.50,2.50,000,2.308
2009-03-24,2.50,2.85,2.50,2.85,82200,2.631
2009-03-23,2.50,2.625,2.10,2.625,150000,2.424
2009-03-20,2.50,2.50,2.50,2.50,000,2.308
2009-03-19,2.50,2.50,2.50,2.15,2000,1.985
2009-03-18,2.50,2.50,2.50,2.50,000,2.308
2009-03-17,2.50,2.50,2.50,2.50,000,2.308
2009-03-16,2.50,2.50,2.50,2.50,000,2.308
2009-03-13,2.50,2.50,2.50,2.50,000,2.308
2009-03-12,2.50,2.50,2.50,2.50,000,2.308
2009-03-11,2.50,2.50,2.50,2.50,000,2.308
2009-03-10,2.50,2.50,2.50,2.50,000,2.308
2009-03-09,2.50,2.50,2.50,2.50,000,2.308
2009-03-06,2.375,2.50,2.375,2.38,2325000,2.197
2009-03-05,2.50,2.50,2.50,2.50,000,2.308
2009-03-04,2.63,2.50,2.50,2.50,50600,2.308
2009-03-03,2.625,2.625,2.625,2.625,000,2.424
2009-03-02,2.375,2.40,2.375,2.40,20800,2.216
2009-02-27,2.25,2.25,2.25,2.25,000,2.077
2009-02-26,2.25,2.25,2.25,1.88,86600,1.736
2009-02-25,2.625,2.625,2.625,2.625,000,2.424
2009-02-24,2.625,2.625,2.625,2.625,000,2.424
2009-02-23,2.625,2.625,2.625,2.625,67200,2.424
2009-02-20,2.75,2.75,2.75,2.75,35000,2.539
2009-02-19,2.75,2.75,2.75,2.75,000,2.539
2009-02-18,2.75,2.75,2.75,2.75,000,2.539
2009-02-17,2.75,2.75,2.75,2.75,42500,2.539
2009-02-16,2.75,2.75,2.75,2.75,000,2.539
2009-02-13,2.75,2.85,2.85,2.85,6500,2.631
2009-02-12,2.75,2.75,2.75,2.75,000,2.539
2009-02-11,2.75,2.75,2.75,2.75,94700,2.539
2009-02-10,2.75,2.75,2.75,2.75,15000,2.539
2009-02-09,2.75,2.75,2.75,2.75,000,2.539
2009-02-06,2.75,2.75,2.75,2.75,305500,2.539
2009-02-05,2.75,2.50,2.25,2.50,301000,2.308
2009-02-04,2.75,2.75,2.75,2.75,000,2.539
2009-02-03,2.625,2.625,2.625,2.625,000,2.424
2009-02-02,2.75,2.55,2.55,2.55,47100,2.354
2009-01-30,2.50,2.50,2.50,2.50,000,2.308
2009-01-29,2.50,2.50,2.50,2.50,000,2.308
2009-01-28,2.50,2.50,2.40,2.40,18700,2.216
2009-01-27,2.50,2.625,2.31,2.625,63800,2.424
2009-01-26,2.50,2.625,2.375,2.625,196600,2.424
2009-01-23,2.625,2.625,2.625,2.625,000,2.424
2009-01-22,2.625,2.625,2.41,2.625,53300,2.424
2009-01-21,3.10,3.10,2.40,2.40,111800,2.216
2009-01-20,2.75,2.75,2.38,2.75,79900,2.539
2009-01-19,2.625,2.625,2.375,2.50,316600,2.308
2009-01-16,2.625,2.625,2.625,2.625,152000,2.424
2009-01-15,2.625,2.625,2.625,2.625,85000,2.424
2009-01-14,2.625,2.625,2.625,2.625,000,2.424
2009-01-13,2.625,2.625,2.625,2.625,5100,2.424
2009-01-12,2.625,2.50,2.50,2.50,50000,2.308
2009-01-09,2.625,2.625,2.625,2.625,000,2.424
2009-01-08,2.625,2.50,2.50,2.50,6400,2.308
2009-01-07,2.625,2.50,2.50,2.50,5000,2.308
2009-01-06,2.50,2.50,2.50,2.50,000,2.308
2009-01-05,2.50,2.50,2.50,2.50,000,2.308
2009-01-02,2.375,2.75,2.625,2.75,25000,2.539
2009-01-01,2.38,2.38,2.38,2.66,000,2.456
2008-12-31,2.375,2.375,2.375,2.375,35500,2.193
2008-12-30,2.25,2.25,2.25,2.25,000,2.077
2008-12-29,2.25,2.25,2.25,2.25,000,2.077
2008-12-26,2.25,2.25,2.25,2.25,000,2.077
2008-12-25,2.25,2.25,2.25,2.25,000,2.077
2008-12-24,2.25,2.25,2.25,2.25,000,2.077
2008-12-23,2.25,2.25,2.25,2.25,000,2.077
2008-12-22,2.25,2.25,2.25,2.25,000,2.077
2008-12-19,2.25,2.25,2.25,2.25,000,2.077
2008-12-18,2.30,2.30,2.25,2.30,100000,2.123
2008-12-17,2.50,2.35,2.31,2.31,40000,2.133
2008-12-16,2.50,2.50,2.35,2.35,50000,2.17
2008-12-15,2.50,2.75,2.75,2.75,000,2.539
2008-12-12,2.50,2.50,2.50,2.50,000,2.308
2008-12-11,2.50,2.69,2.69,2.69,000,2.484
2008-12-10,2.50,2.50,2.50,2.25,637500,2.077
2008-12-09,2.50,2.50,2.50,2.50,000,2.308
2008-12-08,2.50,2.50,2.50,2.50,000,2.308
2008-12-05,2.50,2.75,2.60,2.75,000,2.539
2008-12-04,2.625,2.34,2.25,2.34,15000,2.16
2008-12-03,2.625,2.50,2.50,2.50,100000,2.308
2008-12-02,2.625,2.625,2.625,3.00,16000,2.77
2008-12-01,2.75,2.75,2.75,3.25,73200,3.001
2008-11-28,2.50,2.625,2.625,2.625,19100,2.424
2008-11-27,2.375,2.66,2.66,2.66,23800,2.456
2008-11-26,2.375,2.375,2.375,2.375,000,2.193
2008-11-25,2.375,2.375,2.375,2.375,000,2.193
2008-11-24,2.375,2.375,2.375,2.375,000,2.193
2008-11-21,2.375,2.375,2.375,2.375,000,2.193
2008-11-20,2.63,2.375,2.375,2.375,177500,2.193
2008-11-19,2.625,2.625,2.625,2.625,000,2.424
2008-11-18,2.625,2.625,2.625,2.625,000,2.424
2008-11-17,2.625,2.50,2.50,2.50,20000,2.308
2008-11-14,2.625,2.625,2.625,2.625,117600,2.424
2008-11-13,2.625,2.625,2.625,2.625,000,2.424
2008-11-12,2.625,2.625,2.625,2.625,000,2.424
2008-11-11,2.625,2.625,2.625,2.625,000,2.424
2008-11-10,2.50,2.625,2.625,2.625,131200,2.424
2008-11-07,2.25,2.70,2.09,2.70,76500,2.493
2008-11-06,2.25,2.25,2.25,2.25,2200,2.077
2008-11-05,2.25,2.25,2.25,2.00,270000,1.846
2008-11-04,2.125,2.20,1.84,2.20,43700,2.031
2008-11-03,2.125,2.125,2.125,2.125,000,1.962
2008-10-31,2.125,2.125,2.125,2.125,000,1.962
2008-10-30,2.125,2.125,2.125,2.125,000,1.962
2008-10-29,2.125,2.125,2.125,1.75,68300,1.616
2008-10-28,2.125,2.125,2.125,1.88,6900,1.736
2008-10-27,2.125,2.125,1.869,1.87,662000,1.726
2008-10-24,2.125,2.125,2.125,1.84,89800,1.699
2008-10-23,2.375,2.375,2.375,2.375,000,2.193
2008-10-22,2.375,2.375,2.375,2.375,000,2.193
2008-10-21,2.375,2.25,2.25,2.25,30000,2.077
2008-10-20,2.375,2.375,2.375,2.375,000,2.193
2008-10-17,2.375,2.25,2.25,2.25,100000,2.077
2008-10-16,2.50,2.50,2.50,2.50,000,2.308
2008-10-15,2.50,2.69,2.35,2.35,2900,2.17
2008-10-14,2.50,2.50,2.50,2.50,000,2.308
2008-10-13,2.50,2.50,2.25,2.50,800000,2.308
2008-10-10,2.50,2.50,2.50,2.50,000,2.308
2008-10-09,2.50,2.50,2.50,2.25,85000,2.077
2008-10-08,2.625,2.50,2.50,2.50,24000,2.308
2008-10-07,2.625,2.75,2.45,2.45,37000,2.262
2008-10-06,2.625,3.00,2.50,2.50,128600,2.308
2008-10-03,2.50,3.25,2.40,2.55,114400,2.354
2008-10-02,2.50,2.88,2.35,2.35,13500,2.17
2008-10-01,2.125,2.75,2.125,2.75,85500,2.539
2008-09-30,2.125,2.125,2.125,1.90,22500,1.754
2008-09-29,2.625,2.75,2.15,2.15,201000,1.985
2008-09-26,2.75,3.50,2.65,2.85,691200,2.631
2008-09-25,2.50,3.50,2.50,3.00,649500,2.77
2008-09-24,2.25,2.75,2.25,2.75,298400,2.539
2008-09-23,1.625,1.625,1.40,1.40,73800,1.293
2008-09-22,1.38,1.625,1.625,1.625,123700,1.50
2008-09-19,1.375,1.375,1.375,1.10,7300,1.016
2008-09-18,1.625,1.50,1.50,1.50,261900,1.385
2008-09-17,1.625,1.625,1.625,1.625,000,1.50
2008-09-16,1.625,1.625,1.625,1.625,000,1.50
2008-09-15,1.75,1.75,1.75,1.75,286900,1.616
2008-09-12,1.75,1.75,1.75,1.75,000,1.616
2008-09-11,1.75,1.75,1.75,1.50,4500,1.385
2008-09-10,1.75,1.75,1.75,1.75,000,1.616
2008-09-09,1.75,1.75,1.75,1.58,15000,1.459
2008-09-08,1.75,1.75,1.75,1.75,000,1.616
2008-09-05,1.75,1.75,1.75,1.75,000,1.616
2008-09-04,1.75,1.75,1.75,1.75,000,1.616
2008-09-03,1.75,1.75,1.75,1.75,000,1.616
2008-09-02,1.75,1.75,1.75,1.75,000,1.616
2008-09-01,1.75,1.75,1.75,1.75,000,1.616
2008-08-29,1.75,1.75,1.75,2.00,47300,1.846
2008-08-28,1.75,1.75,1.75,1.75,000,1.616
2008-08-27,1.75,1.75,1.75,1.75,000,1.616
2008-08-26,1.75,1.75,1.75,1.75,000,1.616
2008-08-25,1.75,1.75,1.75,1.75,000,1.616
2008-08-22,1.75,1.75,1.75,1.75,000,1.616
2008-08-21,1.75,1.70,1.70,1.70,11700,1.57
2008-08-20,1.75,1.75,1.75,1.50,40000,1.385
2008-08-19,1.75,1.75,1.75,1.75,85000,1.616
2008-08-18,1.75,1.75,1.75,1.55,27800,1.431
2008-08-15,1.75,1.75,1.75,1.50,28500,1.385
2008-08-14,1.75,1.75,1.75,1.75,50000,1.616
2008-08-13,1.625,1.625,1.55,1.625,115000,1.50
2008-08-12,1.625,1.625,1.625,1.625,50000,1.50
2008-08-11,1.625,1.625,1.625,1.625,000,1.50
2008-08-08,1.625,1.50,1.50,1.50,5000,1.385
2008-08-07,1.625,1.50,1.50,1.50,22000,1.385
2008-08-06,1.75,1.625,1.25,1.625,270000,1.50
2008-08-05,1.625,1.75,1.60,1.60,125000,1.477
2008-08-04,1.75,1.50,1.50,1.50,29000,1.385
2008-08-01,1.75,1.75,1.75,1.75,000,1.616
2008-07-31,1.75,1.75,1.75,1.56,29000,1.44
2008-07-30,1.75,1.75,1.25,1.75,145000,1.616
2008-07-29,1.75,1.70,1.70,1.70,5700,1.57
2008-07-28,1.75,1.70,1.25,1.70,30000,1.57
2008-07-25,1.75,1.75,1.75,1.75,000,1.616
2008-07-24,1.75,1.70,1.70,1.70,6600,1.57
2008-07-23,1.75,1.70,1.70,1.70,7500,1.57
2008-07-22,1.75,1.75,1.75,1.50,2800,1.385
2008-07-21,1.75,1.70,1.70,1.70,2600,1.57
2008-07-18,1.75,1.75,1.75,1.75,000,1.616
2008-07-17,1.75,1.75,1.75,1.75,000,1.616
2008-07-16,1.75,1.75,1.75,1.75,000,1.616
2008-07-15,1.75,1.75,1.75,1.75,000,1.616
2008-07-14,1.75,1.75,1.75,1.75,000,1.616
2008-07-11,1.75,1.75,1.75,1.50,30000,1.385
2008-07-10,1.75,1.75,1.75,1.50,80000,1.385
2008-07-09,1.75,1.75,1.75,1.50,20000,1.385
2008-07-08,2.25,2.25,2.25,2.25,000,2.077
2008-07-07,2.25,2.25,2.25,2.25,000,2.077
2008-07-04,2.25,2.25,2.25,2.00,135000,1.846
2008-07-03,2.88,2.50,2.50,2.50,68700,2.308
2008-07-02,2.875,2.875,2.875,2.875,000,2.654
2008-07-01,2.875,2.875,2.875,2.875,22000,2.654
2008-06-30,3.00,2.65,2.50,2.62,144700,2.419
2008-06-27,3.00,3.00,3.00,2.65,15000,2.447
2008-06-26,3.00,3.00,3.00,3.00,000,2.77
2008-06-25,3.00,3.00,3.00,3.00,000,2.77
2008-06-24,3.00,3.00,3.00,2.65,10000,2.447
2008-06-23,3.00,3.00,3.00,2.63,15000,2.428
2008-06-20,3.00,3.00,3.00,3.00,15000,2.77
2008-06-19,3.00,3.00,2.50,2.50,48400,2.308
2008-06-18,3.00,3.00,3.00,2.70,115200,2.493
2008-06-17,2.875,2.875,2.50,2.50,385700,2.308
2008-06-16,2.75,2.75,2.55,2.70,103200,2.493
2008-06-13,2.75,2.55,2.55,2.55,11500,2.354
2008-06-12,2.75,2.70,2.55,2.56,127000,2.363
2008-06-11,2.75,2.55,2.55,2.55,78800,2.354
2008-06-10,2.75,2.75,2.55,2.70,158300,2.493
2008-06-09,2.75,2.75,2.75,2.75,000,2.539
2008-06-06,2.75,2.75,2.75,2.75,000,2.539
2008-06-05,2.75,2.75,2.75,2.75,35000,2.539
2008-06-04,2.75,2.75,2.75,2.75,000,2.539
2008-06-03,2.75,2.50,2.50,2.50,55000,2.308
2008-06-02,2.75,2.70,2.50,2.50,180700,2.308
2008-05-30,2.75,2.75,2.75,2.75,000,2.539
2008-05-29,2.625,2.50,2.50,2.50,70000,2.308
2008-05-28,2.75,2.75,2.50,2.70,250000,2.493
2008-05-27,2.75,2.75,2.75,2.75,000,2.539
2008-05-26,2.50,2.50,2.50,2.50,000,2.308
2008-05-23,2.75,2.50,2.50,2.50,20000,2.308
2008-05-22,2.75,2.75,2.50,2.50,41200,2.308
2008-05-21,2.75,2.75,2.75,2.75,000,2.539
2008-05-20,2.75,2.75,2.50,2.70,495700,2.493
2008-05-19,2.75,2.60,2.50,2.50,339600,2.308
2008-05-16,2.75,2.75,2.75,2.75,000,2.539
2008-05-15,2.75,2.75,2.60,2.60,8400,2.40
2008-05-14,2.75,2.75,2.75,2.75,000,2.539
2008-05-13,2.75,2.60,2.60,2.60,2000,2.40
2008-05-12,2.75,2.75,2.60,2.70,204900,2.493
2008-05-09,2.75,2.75,2.75,2.75,000,2.539
2008-05-08,2.75,2.60,2.50,2.60,37700,2.40
2008-05-07,2.75,2.75,2.60,2.70,188900,2.493
2008-05-06,2.75,2.60,2.60,2.60,100,2.40
2008-05-05,2.75,2.75,2.75,2.75,000,2.539
2008-05-02,2.75,2.75,2.75,2.75,000,2.539
2008-05-01,2.75,2.60,2.60,2.60,38900,2.40
2008-04-30,2.75,2.60,2.55,2.60,80700,2.40
2008-04-29,2.75,2.50,2.50,2.50,22000,2.308
2008-04-28,2.75,2.75,2.75,2.75,000,2.539
2008-04-25,2.75,2.75,2.75,2.75,000,2.539
2008-04-24,2.75,2.75,2.75,2.75,50000,2.539
2008-04-23,2.75,2.62,2.62,2.62,57700,2.419
2008-04-22,2.75,3.00,2.60,3.00,11300,2.77
2008-04-21,2.875,2.75,2.25,2.70,210300,2.493
2008-04-18,2.875,2.613,2.613,2.613,11000,2.412
2008-04-17,2.875,2.875,2.60,2.70,100000,2.493
2008-04-16,2.875,2.875,2.875,2.875,000,2.654
2008-04-15,2.875,2.875,2.70,2.70,50000,2.493
2008-04-14,2.875,2.63,2.58,2.613,81200,2.412
2008-04-11,2.875,2.875,2.60,2.70,318400,2.493
2008-04-10,2.875,2.875,2.875,2.875,50000,2.654
2008-04-09,2.875,2.875,2.625,2.70,190000,2.493
2008-04-08,2.875,2.625,2.625,2.625,75000,2.424
2008-04-07,2.875,3.00,3.00,3.00,1500,2.77
2008-04-04,2.875,2.875,2.875,2.55,80800,2.354
2008-04-03,2.875,2.875,2.25,2.70,175000,2.493
2008-04-02,2.75,2.613,2.60,2.613,64100,2.412
2008-04-01,2.75,2.75,2.25,2.25,315000,2.077
2008-03-31,2.625,2.625,2.625,2.625,64600,2.424
2008-03-28,2.625,2.70,2.625,2.70,100000,2.493
2008-03-27,2.875,2.70,2.35,2.70,149600,2.493
2008-03-26,2.875,3.125,2.875,3.13,1500,2.89
2008-03-25,2.875,2.875,2.875,3.18,16700,2.936
2008-03-24,2.88,2.88,2.88,2.00,000,1.846
2008-03-21,2.88,2.88,2.88,2.00,000,1.846
2008-03-20,2.875,2.875,2.00,2.00,100600,1.846
2008-03-19,2.75,2.75,2.75,2.75,000,2.539
2008-03-18,2.875,2.65,2.60,2.60,146100,2.40
2008-03-17,3.00,3.00,3.00,3.00,155700,2.77
2008-03-14,3.125,3.00,3.00,3.13,000,2.89
2008-03-13,3.25,3.41,3.25,3.375,229200,3.116
2008-03-12,2.875,3.25,3.00,3.25,105000,3.001
2008-03-11,2.625,2.55,2.30,2.55,43000,2.354
2008-03-10,3.00,3.25,2.40,2.40,1228100,2.216
2008-03-07,3.00,3.10,2.875,2.875,111200,2.654
2008-03-06,3.25,3.00,2.75,2.75,100000,2.539
2008-03-05,3.375,3.375,3.125,3.13,186000,2.89
2008-03-04,2.75,3.75,3.00,3.675,264500,3.393
2008-03-03,2.75,2.625,2.625,2.625,10000,2.424
2008-02-29,2.75,2.75,2.75,2.75,000,2.539
2008-02-28,2.625,2.625,2.375,2.625,111300,2.424
2008-02-27,2.375,2.70,2.25,2.70,539400,2.493
2008-02-26,2.75,2.25,2.25,2.25,130400,2.077
2008-02-25,2.75,2.50,2.50,2.50,50000,2.308
2008-02-22,2.75,2.50,2.50,2.50,10000,2.308
2008-02-21,2.75,2.50,2.50,2.50,12500,2.308
2008-02-20,2.75,2.75,2.75,2.75,000,2.539
2008-02-19,2.75,2.50,2.50,2.50,22100,2.308
2008-02-18,2.75,2.75,2.75,2.75,000,2.539
2008-02-15,2.75,2.60,2.60,2.60,101400,2.40
2008-02-14,2.75,2.75,2.70,2.70,100000,2.493
2008-02-13,2.75,2.75,2.75,2.75,000,2.539
2008-02-12,2.75,2.75,2.75,2.75,89400,2.539
2008-02-11,2.75,2.50,2.50,2.50,19000,2.308
2008-02-08,2.75,2.75,2.75,2.75,000,2.539
2008-02-07,2.75,2.75,2.50,2.50,38900,2.308
2008-02-06,2.75,2.75,2.25,2.70,63700,2.493
2008-02-05,2.75,2.75,2.75,2.75,000,2.539
2008-02-04,2.75,2.56,2.56,2.56,25000,2.363
2008-02-01,2.75,2.75,2.50,2.75,42300,2.539
2008-01-31,2.75,2.75,2.50,2.75,119300,2.539
2008-01-30,2.75,2.75,2.75,2.75,4100,2.539
2008-01-29,2.75,2.94,2.94,2.94,5000,2.714
2008-01-28,2.75,2.94,2.75,2.75,104500,2.539
2008-01-25,2.75,2.75,2.25,2.25,72500,2.077
2008-01-24,2.25,2.50,2.25,2.25,334700,2.077
2008-01-23,2.25,2.25,2.25,2.25,000,2.077
2008-01-22,2.125,2.44,1.825,2.125,154600,1.962
2008-01-21,2.125,2.125,2.125,1.90,90000,1.754
2008-01-18,2.125,2.05,2.05,2.05,28000,1.893
2008-01-17,2.125,2.75,2.125,2.75,972500,2.539
2008-01-16,2.125,2.125,2.125,1.88,7000,1.736
2008-01-15,2.125,2.125,2.125,2.125,000,1.962
2008-01-14,2.125,2.125,2.125,2.125,5000,1.962
2008-01-11,2.125,2.125,2.125,2.125,000,1.962
2008-01-10,2.125,2.125,2.125,2.125,000,1.962
2008-01-09,2.125,2.125,2.125,1.50,110000,1.385
2008-01-08,2.00,2.125,1.81,2.00,240500,1.846
2008-01-07,2.00,2.00,1.75,2.00,167900,1.846
2008-01-04,2.00,2.20,1.813,2.20,217900,2.031
2008-01-03,2.00,2.125,1.75,2.125,185000,1.962
2008-01-02,2.00,2.19,1.90,1.90,16700,1.754
2008-01-01,2.00,2.00,2.00,2.00,000,1.846
2007-12-31,2.00,2.00,2.00,2.00,000,1.846
2007-12-28,2.00,2.25,1.90,1.90,57800,1.754
2007-12-27,1.625,2.19,1.775,2.19,215800,2.022
2007-12-26,1.625,1.625,1.625,1.625,000,1.50
2007-12-25,1.625,1.625,1.625,1.625,000,1.50
2007-12-24,1.625,1.625,1.625,1.625,000,1.50
2007-12-21,1.625,1.625,1.625,1.91,114000,1.763
2007-12-20,1.75,1.75,1.75,1.95,4600,1.80
2007-12-19,1.75,1.75,1.75,2.13,96200,1.966
2007-12-18,1.625,1.625,1.00,1.625,336600,1.50
2007-12-17,2.375,1.875,1.83,1.83,140000,1.69
2007-12-14,2.375,2.375,2.375,2.375,000,2.193
2007-12-13,2.375,2.375,2.375,1.50,445000,1.385
2007-12-12,2.375,2.375,2.375,2.09,17000,1.93
2007-12-11,2.375,2.375,2.375,2.10,10300,1.939
2007-12-10,2.375,2.55,2.55,2.55,5000,2.354
2007-12-07,2.375,2.70,2.375,2.70,55000,2.493
2007-12-06,2.375,2.563,2.00,2.56,223200,2.363
2007-12-05,2.375,2.375,2.375,2.00,400,1.846
2007-12-04,2.50,2.70,1.50,2.375,676100,2.193
2007-12-03,3.00,3.15,3.00,3.15,7000,2.908
2007-11-30,3.00,3.00,3.00,2.75,15000,2.539
2007-11-29,3.125,3.00,3.00,3.00,50000,2.77
2007-11-28,3.125,3.20,3.00,3.20,33900,2.954
2007-11-27,3.125,3.00,3.00,3.00,3000,2.77
2007-11-26,3.125,3.25,3.25,3.25,10000,3.001
2007-11-23,3.00,3.25,2.75,3.163,205000,2.92
2007-11-22,3.00,3.15,2.75,3.00,58100,2.77
2007-11-21,3.00,2.85,2.75,2.85,21000,2.631
2007-11-20,3.00,3.00,3.00,3.00,000,2.77
2007-11-19,3.00,3.00,3.00,3.00,000,2.77
2007-11-16,3.125,3.15,2.50,2.75,306400,2.539
2007-11-15,3.125,3.00,3.00,3.00,50000,2.77
2007-11-14,3.25,3.15,3.00,3.15,86200,2.908
2007-11-13,3.25,3.35,3.00,3.35,21400,3.093
2007-11-12,3.25,3.00,3.00,3.00,5000,2.77
2007-11-09,3.375,3.25,3.00,3.00,67500,2.77
2007-11-08,3.375,3.25,3.25,3.25,10000,3.001
2007-11-07,3.50,3.35,3.25,3.35,21200,3.093
2007-11-06,3.50,3.40,3.25,3.25,127500,3.001
2007-11-05,3.50,3.25,3.25,3.25,10000,3.001
2007-11-02,3.50,3.40,3.25,3.25,63900,3.001
2007-11-01,3.50,3.25,3.25,3.25,6800,3.001
2007-10-31,3.75,3.40,3.00,3.375,104200,3.116
2007-10-30,3.75,3.75,3.75,3.75,20000,3.462
2007-10-29,3.75,3.65,3.25,3.50,31600,3.231
2007-10-26,3.875,3.50,3.50,3.50,5000,3.231
2007-10-25,3.875,3.875,3.25,3.25,135300,3.001
2007-10-24,3.75,3.90,3.59,3.875,34900,3.578
2007-10-23,3.875,3.75,3.56,3.56,16200,3.287
2007-10-22,4.125,4.00,3.75,4.00,81600,3.693
2007-10-19,4.25,4.25,4.25,4.25,000,3.924
2007-10-18,4.25,4.00,4.00,4.00,35000,3.693
2007-10-17,4.25,4.00,4.00,4.00,20200,3.693
2007-10-16,4.25,4.00,4.00,4.00,30400,3.693
2007-10-15,4.25,4.50,4.00,4.50,25000,4.155
2007-10-12,4.125,4.35,4.125,4.35,98000,4.016
2007-10-11,4.125,4.125,4.125,3.50,150000,3.231
2007-10-10,4.125,4.25,4.05,4.25,97700,3.924
2007-10-09,4.125,4.25,4.05,4.05,45500,3.739
2007-10-08,4.125,4.125,4.125,4.125,000,3.808
2007-10-05,4.125,4.00,4.00,4.00,10000,3.693
2007-10-04,4.125,4.25,4.25,4.25,13300,3.924
2007-10-03,3.625,4.00,3.60,4.00,114600,3.693
2007-10-02,3.625,3.625,3.625,4.25,270800,3.924
2007-10-01,3.50,3.25,3.25,3.25,5200,3.001
2007-09-28,3.50,3.50,3.50,3.50,80000,3.231
2007-09-27,3.50,3.60,3.60,3.60,6800,3.324
2007-09-26,3.50,3.50,3.50,3.50,500,3.231
2007-09-25,3.50,3.75,3.75,3.75,12800,3.462
2007-09-24,3.625,3.75,3.75,3.75,80000,3.462
2007-09-21,3.625,3.625,3.25,3.25,145600,3.001
2007-09-20,3.875,4.15,3.50,4.15,19200,3.831
2007-09-19,3.875,3.59,3.59,3.59,15400,3.314
2007-09-18,3.50,3.75,3.25,3.75,98800,3.462
2007-09-17,3.875,3.75,3.25,3.75,103000,3.462
2007-09-14,3.875,3.50,3.50,3.50,36700,3.231
2007-09-13,3.875,4.10,3.50,3.50,38900,3.231
2007-09-12,3.875,3.875,3.875,3.875,000,3.578
2007-09-11,3.875,4.10,3.50,3.50,12800,3.231
2007-09-10,3.875,3.50,3.50,3.50,81100,3.231
2007-09-07,4.00,4.20,3.50,4.20,124200,3.878
2007-09-06,4.25,4.00,4.00,4.00,30000,3.693
2007-09-05,4.25,4.00,4.00,4.00,15000,3.693
2007-09-04,4.25,4.30,4.30,4.30,15000,3.97
2007-09-03,4.25,4.00,4.00,4.00,20000,3.693
2007-08-31,4.25,4.25,4.25,4.25,000,3.924
2007-08-30,4.25,4.30,4.00,4.00,96800,3.693
2007-08-29,4.25,4.06,4.00,4.00,53600,3.693
2007-08-28,4.00,4.25,3.81,4.25,196500,3.924
2007-08-27,4.10,4.10,4.10,4.10,000,3.785
2007-08-24,3.875,4.10,3.59,4.10,105500,3.785
2007-08-23,3.875,4.25,3.59,4.25,283800,3.924
2007-08-22,3.875,4.12,3.59,3.988,119500,3.682
2007-08-21,3.875,4.16,3.50,3.625,189100,3.347
2007-08-20,3.875,3.90,3.59,3.875,63000,3.578
2007-08-17,3.875,3.90,3.50,3.85,200100,3.554
2007-08-16,3.875,3.59,3.59,3.59,17600,3.314
2007-08-15,4.00,4.00,4.00,3.50,25800,3.231
2007-08-14,4.00,4.00,4.00,3.50,30000,3.231
2007-08-13,4.00,4.00,4.00,3.50,197900,3.231
2007-08-10,3.75,4.50,3.56,4.50,274700,4.155
2007-08-09,3.75,3.95,3.625,3.94,84600,3.638
2007-08-08,4.00,3.94,3.50,3.56,161100,3.287
2007-08-07,4.00,4.00,3.125,4.00,272300,3.693
2007-08-06,4.625,4.625,3.80,4.50,516300,4.155
2007-08-03,4.625,4.65,4.50,4.53,162100,4.182
2007-08-02,4.75,4.85,4.59,4.59,25100,4.238
2007-08-01,4.875,5.138,4.50,4.59,120300,4.238
2007-07-31,5.125,5.125,5.125,5.21,83200,4.81
2007-07-30,4.875,5.25,4.75,5.22,551300,4.819
2007-07-27,4.50,5.15,4.25,5.14,991200,4.745
2007-07-26,5.75,5.50,3.75,4.45,1255500,4.108
2007-07-25,6.875,6.875,6.00,6.00,169300,5.539
2007-07-24,7.00,7.10,6.50,6.50,72100,6.001
2007-07-23,6.50,7.30,6.375,7.00,1027700,6.463
2007-07-20,6.00,6.75,5.85,6.50,178400,6.001
2007-07-19,5.875,6.25,6.00,6.25,148300,5.77
2007-07-18,5.75,6.25,5.875,6.25,41200,5.77
2007-07-17,5.625,6.25,5.35,5.35,93000,4.939
2007-07-16,5.625,6.00,5.55,6.00,92500,5.539
2007-07-13,5.625,5.91,5.55,5.91,41400,5.456
2007-07-12,5.25,5.90,5.40,5.90,109300,5.447
2007-07-11,5.75,5.50,5.00,5.125,509500,4.732
2007-07-10,5.75,5.75,5.50,5.50,7100,5.078
2007-07-09,5.75,5.80,5.50,5.80,69700,5.355
2007-07-06,5.75,5.80,5.80,5.80,12300,5.355
2007-07-05,5.75,5.80,5.50,5.80,33200,5.355
2007-07-04,5.75,5.75,5.50,5.50,6000,5.078
2007-07-03,5.75,5.75,5.75,5.75,000,5.309
2007-07-02,5.75,5.55,5.55,5.55,3600,5.124
2007-06-29,5.75,5.75,5.50,5.50,30000,5.078
2007-06-28,5.75,5.75,5.75,5.75,000,5.309
2007-06-27,5.75,5.875,5.56,5.56,51500,5.133
2007-06-26,5.75,5.75,5.75,5.75,000,5.309
2007-06-25,5.75,5.90,5.50,5.90,84500,5.447
2007-06-22,5.75,5.56,5.50,5.56,50000,5.133
2007-06-21,5.75,5.94,5.56,5.94,37200,5.484
2007-06-20,5.75,5.85,5.85,5.85,50000,5.401
2007-06-19,5.75,5.75,5.50,5.50,24500,5.078
2007-06-18,5.75,5.56,5.56,5.56,15600,5.133
2007-06-15,5.625,5.85,5.50,5.85,199000,5.401
2007-06-14,6.00,5.75,5.25,5.75,199700,5.309
2007-06-13,6.00,6.00,6.00,6.00,000,5.539
2007-06-12,6.00,6.00,5.75,5.75,55400,5.309
2007-06-11,5.875,6.10,5.75,6.05,182900,5.586
2007-06-08,6.00,6.19,5.50,5.50,105000,5.078
2007-06-07,5.75,6.00,5.50,6.00,521300,5.539
2007-06-06,6.125,6.00,5.50,5.56,651900,5.133
2007-06-05,6.125,6.20,6.00,6.00,117900,5.539
2007-06-04,6.375,6.50,5.75,5.75,176500,5.309
2007-06-01,6.00,6.00,6.00,6.00,000,5.539
2007-05-31,6.375,6.66,6.00,6.00,147000,5.539
2007-05-30,6.25,6.66,6.00,6.09,83100,5.623
2007-05-29,6.50,6.625,6.00,6.25,266300,5.77
2007-05-28,6.31,6.31,6.31,6.31,000,5.826
2007-05-25,6.375,6.66,6.00,6.31,233000,5.826
2007-05-24,7.00,6.50,6.00,6.40,202400,5.909
2007-05-23,7.125,6.84,6.75,6.75,115000,6.232
2007-05-22,7.125,7.20,6.75,6.75,71500,6.232
2007-05-21,7.125,7.20,6.83,7.20,115300,6.647
2007-05-18,7.125,7.35,6.90,6.90,123100,6.37
2007-05-17,7.125,7.50,7.00,7.00,183500,6.463
2007-05-16,7.125,7.50,7.50,7.50,6100,6.924
2007-05-15,7.125,7.50,7.15,7.50,55200,6.924
2007-05-14,7.125,7.50,7.00,7.50,93400,6.924
2007-05-11,7.125,7.50,7.10,7.50,59400,6.924
2007-05-10,7.25,7.10,7.10,7.10,36200,6.555
2007-05-09,7.25,7.75,7.10,7.10,29400,6.555
2007-05-08,7.00,7.75,7.00,7.75,233500,7.155
2007-05-07,7.10,7.10,7.10,7.10,000,6.555
2007-05-04,7.00,7.75,6.75,7.10,296300,6.555
2007-05-03,7.00,7.19,6.80,7.19,56600,6.638
2007-05-02,7.00,7.19,7.19,7.19,20000,6.638
2007-05-01,7.00,6.81,6.81,6.81,50000,6.287
2007-04-30,7.00,7.19,6.80,7.05,120800,6.509
2007-04-27,7.00,7.19,6.75,6.75,224300,6.232
2007-04-26,7.125,7.19,6.75,6.81,48200,6.287
2007-04-25,7.375,7.15,6.75,7.15,148400,6.601
2007-04-24,7.375,7.625,7.08,7.625,116200,7.04
2007-04-23,7.375,7.75,7.25,7.25,86400,6.693
2007-04-20,7.375,7.75,6.75,7.66,335300,7.072
2007-04-19,7.375,7.60,7.00,7.188,94700,6.636
2007-04-18,6.875,8.00,7.00,7.09,1100600,6.546
2007-04-17,6.875,6.95,6.70,6.95,34800,6.417
2007-04-16,6.75,7.25,6.70,6.95,199500,6.417
2007-04-13,6.875,7.00,6.75,7.00,260500,6.463
2007-04-12,6.75,7.00,6.90,6.94,83500,6.407
2007-04-11,7.00,6.81,6.50,6.50,42200,6.001
2007-04-10,6.75,7.19,6.56,7.19,172000,6.638
2007-04-09,6.50,6.50,6.50,6.50,000,6.001
2007-04-06,6.50,6.50,6.50,6.50,000,6.001
2007-04-05,6.875,6.94,6.50,6.50,127100,6.001
2007-04-04,6.875,7.25,6.50,6.90,212500,6.37
2007-04-03,6.625,7.25,6.25,6.80,268200,6.278
2007-04-02,6.375,7.50,6.25,6.91,466000,6.38
2007-03-30,5.75,6.00,5.90,6.00,69800,5.539
2007-03-29,5.75,6.00,5.50,5.75,1012400,5.309
2007-03-28,6.125,6.22,5.125,5.56,510800,5.133
2007-03-27,6.50,6.50,6.00,6.22,259000,5.743
2007-03-26,6.625,6.85,6.12,6.12,131600,5.65
2007-03-23,7.00,7.25,6.613,6.613,196800,6.105
2007-03-22,7.25,7.50,7.00,7.00,250800,6.463
2007-03-21,7.125,7.50,6.75,7.10,85500,6.555
2007-03-20,7.00,7.10,6.75,7.10,19400,6.555
2007-03-19,6.875,7.10,6.50,7.10,79100,6.555
2007-03-16,7.375,7.16,6.59,7.00,310300,6.463
2007-03-15,7.375,7.75,7.15,7.15,181900,6.601
2007-03-14,7.50,7.75,7.00,7.50,234700,6.924
2007-03-13,7.625,8.00,7.25,7.25,38300,6.693
2007-03-12,7.75,8.00,8.00,8.00,21300,7.386
2007-03-09,7.00,7.75,7.00,7.50,136100,6.924
2007-03-08,6.875,7.25,7.175,7.25,69300,6.693
2007-03-07,6.875,7.16,7.15,7.16,74000,6.61
2007-03-06,6.875,7.16,6.80,6.80,24300,6.278
2007-03-05,6.875,7.20,7.16,7.16,96300,6.61
2007-03-02,6.75,7.24,7.00,7.24,108700,6.684
2007-03-01,6.625,7.25,6.70,7.00,91400,6.463
2007-02-28,6.625,6.75,6.53,6.72,162900,6.204
2007-02-27,7.125,7.25,6.59,6.80,255500,6.278
2007-02-26,7.75,8.16,6.50,6.50,828900,6.001
2007-02-23,7.125,8.75,6.938,7.37,1412700,6.804
2007-02-22,7.25,7.50,7.00,7.50,825200,6.924
2007-02-21,7.125,7.41,6.76,7.00,553600,6.463
2007-02-20,7.125,7.125,7.125,7.125,000,6.578
2007-02-19,7.25,6.84,6.84,6.84,12700,6.315
2007-02-16,7.375,7.25,7.25,7.25,20000,6.693
2007-02-15,7.375,7.25,7.25,7.25,3000,6.693
2007-02-14,7.375,7.66,7.25,7.66,19300,7.072
2007-02-13,7.375,7.66,7.25,7.66,29900,7.072
2007-02-12,7.375,7.25,7.25,7.25,200,6.693
2007-02-09,7.375,7.75,7.00,7.66,224300,7.072
2007-02-08,7.375,7.66,7.00,7.66,16200,7.072
2007-02-07,7.625,7.66,7.00,7.00,106300,6.463
2007-02-06,7.625,7.91,7.25,7.25,86100,6.693
2007-02-05,7.50,8.00,7.31,8.00,254100,7.386
2007-02-02,7.50,7.65,7.25,7.65,79900,7.063
2007-02-01,7.375,7.75,7.25,7.65,380400,7.063
2007-01-31,7.00,7.50,7.19,7.50,369900,6.924
2007-01-30,6.875,7.25,6.75,7.25,418800,6.693
2007-01-29,6.50,6.95,6.25,6.50,605000,6.001
2007-01-26,6.50,6.50,6.25,6.25,100000,5.77
2007-01-25,6.625,6.625,6.625,6.625,000,6.116
2007-01-24,6.625,6.80,6.55,6.80,54600,6.278
2007-01-23,6.75,6.85,6.85,6.85,58300,6.324
2007-01-22,6.75,7.00,6.56,6.56,54300,6.056
2007-01-19,6.75,6.56,6.56,6.56,3000,6.056
2007-01-18,6.75,6.85,6.56,6.56,66100,6.056
2007-01-17,6.75,6.56,6.50,6.50,25400,6.001
2007-01-16,6.75,6.85,6.85,6.85,14000,6.324
2007-01-15,6.875,7.05,6.50,6.50,132800,6.001
2007-01-12,6.875,6.875,6.875,6.875,000,6.347
2007-01-11,6.875,7.05,7.05,7.05,2700,6.509
2007-01-10,6.875,6.60,6.60,6.60,16600,6.093
2007-01-09,6.75,7.13,6.45,7.00,428100,6.463
2007-01-08,6.625,7.00,6.25,6.80,1152700,6.278
2007-01-05,6.75,6.625,6.10,6.625,120000,6.116
2007-01-04,6.875,6.50,6.50,6.50,200000,6.001
2007-01-03,6.125,7.50,6.03,6.75,1048400,6.232
2007-01-02,6.125,6.25,6.10,6.10,67500,5.632
2007-01-01,6.125,6.125,6.125,6.125,000,5.655
2006-12-29,6.00,6.25,6.10,6.25,157900,5.77
2006-12-28,5.875,6.025,5.81,5.81,47800,5.364
2006-12-27,5.875,5.625,5.625,5.625,9000,5.193
2006-12-26,5.58,5.58,5.58,5.58,000,5.152
2006-12-25,5.58,5.58,5.58,5.58,000,5.152
2006-12-22,5.875,6.025,5.58,5.58,118700,5.152
2006-12-21,6.00,6.00,5.59,5.59,47700,5.161
2006-12-20,6.125,6.00,5.62,6.00,49400,5.539
2006-12-19,6.25,6.44,6.00,6.44,69100,5.946
2006-12-18,6.25,6.44,6.44,6.44,38500,5.946
2006-12-15,6.25,6.15,6.00,6.15,61100,5.678
2006-12-14,6.50,6.25,6.25,6.25,54600,5.77
2006-12-13,6.50,6.60,6.31,6.60,36200,6.093
2006-12-12,6.50,6.50,6.50,6.50,000,6.001
2006-12-11,6.50,6.65,6.25,6.25,46500,5.77
2006-12-08,6.50,6.69,6.31,6.50,167000,6.001
2006-12-07,6.75,6.75,6.09,6.50,300400,6.001
2006-12-06,6.75,6.65,6.65,6.65,14000,6.14
2006-12-05,6.75,6.65,6.65,6.65,30000,6.14
2006-12-04,6.75,6.94,6.50,6.50,169200,6.001
2006-12-01,6.75,6.65,6.65,6.65,80000,6.14
2006-11-30,6.75,6.94,6.94,6.94,40000,6.407
2006-11-29,6.75,6.94,6.56,6.94,156800,6.407
2006-11-28,7.00,7.00,6.56,6.65,57900,6.14
2006-11-27,7.00,6.875,6.81,6.81,100000,6.287
2006-11-24,7.00,7.10,6.81,7.10,16000,6.555
2006-11-23,7.00,7.10,7.10,7.10,29900,6.555
2006-11-22,7.00,7.00,7.00,7.00,000,6.463
2006-11-21,7.00,7.10,6.75,6.75,114500,6.232
2006-11-20,7.00,7.25,6.75,6.75,294500,6.232
2006-11-17,7.00,7.25,6.81,7.25,105500,6.693
2006-11-16,6.875,7.19,7.00,7.19,76200,6.638
2006-11-15,7.375,7.25,6.97,7.00,158100,6.463
2006-11-14,7.375,7.75,7.00,7.75,272200,7.155
2006-11-13,7.375,7.60,7.09,7.09,82000,6.546
2006-11-10,7.375,7.60,7.15,7.60,52800,7.017
2006-11-09,7.375,7.75,7.375,7.375,200000,6.809
2006-11-08,7.375,7.68,7.09,7.60,144500,7.017
2006-11-07,7.375,7.66,7.125,7.125,82300,6.578
2006-11-06,7.375,7.66,7.09,7.66,99700,7.072
2006-11-03,7.375,7.66,7.125,7.66,23100,7.072
2006-11-02,7.375,7.75,7.00,7.00,529300,6.463
2006-11-01,7.375,7.75,7.15,7.375,420300,6.809
2006-10-31,7.375,7.66,7.66,7.66,25800,7.072
2006-10-30,7.50,7.66,7.653,7.66,69000,7.072
2006-10-27,7.75,8.00,7.50,7.88,202500,7.275
2006-10-26,7.625,8.13,7.50,8.00,278600,7.386
2006-10-25,7.00,8.41,7.175,8.00,792200,7.386
2006-10-24,7.00,7.94,7.00,7.25,2073000,6.693
2006-10-23,6.75,7.125,6.25,7.125,269700,6.578
2006-10-20,6.75,7.13,6.37,7.125,152400,6.578
2006-10-19,7.00,7.20,6.37,7.15,1445200,6.601
2006-10-18,6.625,7.38,6.62,6.94,494300,6.407
2006-10-17,7.25,6.988,6.34,6.70,174900,6.186
2006-10-16,7.25,7.35,7.06,7.06,43500,6.518
2006-10-13,7.25,7.50,7.00,7.25,166500,6.693
2006-10-12,7.125,7.50,6.75,7.35,362600,6.786
2006-10-11,7.00,7.25,6.50,7.15,307200,6.601
2006-10-10,7.00,7.35,6.25,7.35,214300,6.786
2006-10-09,6.875,6.80,6.65,6.80,45300,6.278
2006-10-06,6.875,7.25,7.16,7.25,52700,6.693
2006-10-05,6.875,7.16,7.00,7.00,85600,6.463
2006-10-04,6.625,7.00,6.625,6.625,178800,6.116
2006-10-03,6.625,6.91,6.25,6.34,117100,5.853
2006-10-02,6.625,7.00,6.50,7.00,188700,6.463
2006-09-29,6.75,6.56,6.56,6.56,10000,6.056
2006-09-28,6.75,6.94,6.94,6.94,11000,6.407
2006-09-27,6.75,6.625,6.625,6.625,8700,6.116
2006-09-26,6.75,6.94,6.94,6.94,63800,6.407
2006-09-25,6.75,7.00,6.56,6.625,71700,6.116
2006-09-22,6.625,6.80,6.75,6.80,108400,6.278
2006-09-21,6.50,6.70,6.70,6.70,42500,6.186
2006-09-20,6.75,6.56,6.00,6.12,695900,5.65
2006-09-19,6.75,7.00,6.625,7.00,110800,6.463
2006-09-18,6.50,7.00,6.50,7.00,442300,6.463
2006-09-15,6.50,6.85,6.00,6.85,67200,6.324
2006-09-14,6.50,6.85,6.85,6.85,7200,6.324
2006-09-13,6.50,6.75,6.75,6.75,1400,6.232
2006-09-12,6.50,6.50,6.50,6.50,000,6.001
2006-09-11,6.50,6.875,6.34,6.375,17900,5.886
2006-09-08,6.50,6.50,6.13,6.13,600,5.659
2006-09-07,6.25,6.44,6.10,6.10,54500,5.632
2006-09-06,6.25,6.44,6.375,6.375,34600,5.886
2006-09-05,6.25,6.125,6.00,6.00,67200,5.539
2006-09-04,6.25,6.25,6.25,6.25,000,5.77
2006-09-01,6.25,6.25,6.25,6.25,000,5.77
2006-08-31,6.25,6.435,6.435,6.435,600,5.941
2006-08-30,6.25,6.44,6.065,6.435,49800,5.941
2006-08-29,6.00,6.50,5.84,6.06,112000,5.595
2006-08-28,5.625,5.625,5.625,5.625,000,5.193
2006-08-25,5.50,6.00,5.00,5.625,43000,5.193
2006-08-24,5.50,5.50,5.50,5.50,000,5.078
2006-08-23,5.625,5.903,5.50,5.50,22500,5.078
2006-08-22,5.50,5.91,5.625,5.50,809500,5.078
2006-08-21,5.25,6.50,5.25,5.25,145200,4.847
2006-08-18,5.25,5.44,5.10,5.44,16000,5.022
2006-08-17,5.25,5.06,5.06,5.06,20000,4.672
2006-08-16,5.00,5.38,5.25,5.375,32600,4.962
2006-08-15,5.00,5.30,5.25,5.25,28200,4.847
2006-08-14,5.00,5.50,4.625,5.38,38300,4.967
2006-08-11,5.00,5.38,4.62,5.25,55800,4.847
2006-08-10,5.25,5.50,4.59,4.59,84000,4.238
2006-08-09,6.00,5.875,5.00,5.00,200500,4.616
2006-08-08,6.00,6.00,6.00,6.00,000,5.539
2006-08-07,6.00,6.38,6.38,6.38,400,5.89
2006-08-04,6.00,6.00,5.50,5.50,62500,5.078
2006-08-03,6.00,6.20,6.00,6.20,25000,5.724
2006-08-02,6.375,6.50,5.25,6.00,143600,5.539
2006-08-01,7.00,7.00,6.44,6.50,268400,6.001
2006-07-31,6.00,7.50,6.00,6.50,339500,6.001
2006-07-28,6.00,6.50,5.62,5.62,99600,5.189
2006-07-27,6.00,6.30,6.00,6.30,700,5.816
2006-07-26,6.00,6.00,6.00,6.00,000,5.539
2006-07-25,6.00,6.00,6.00,6.00,000,5.539
2006-07-24,6.00,6.35,6.35,6.35,16000,5.863
2006-07-21,6.00,6.00,6.00,6.00,000,5.539
2006-07-20,6.00,6.38,6.38,6.38,100,5.89
2006-07-19,6.00,6.00,5.62,5.62,23000,5.189
2006-07-18,6.00,6.25,6.00,6.25,40000,5.77
2006-07-17,6.00,5.75,5.75,5.75,25000,5.309
2006-07-14,6.00,6.00,5.62,5.62,30000,5.189
2006-07-13,6.00,5.88,5.50,5.75,97100,5.309
2006-07-12,6.50,6.50,6.00,6.50,50000,6.001
2006-07-11,6.50,6.50,6.50,6.50,000,6.001
2006-07-10,6.50,6.50,6.50,6.50,000,6.001
2006-07-07,6.50,6.50,6.50,6.50,3000,6.001
2006-07-06,6.50,6.80,6.80,6.80,1500,6.278
2006-07-05,6.50,6.50,6.50,6.50,10000,6.001
2006-07-04,6.75,6.18,6.00,6.00,27500,5.539
2006-07-03,6.75,6.75,6.75,6.75,000,6.232
2006-06-30,6.75,6.75,6.75,6.75,000,6.232
2006-06-29,6.75,7.20,7.20,7.20,600,6.647
2006-06-28,6.75,6.75,6.75,6.75,000,6.232
2006-06-27,7.00,6.50,6.50,6.50,20000,6.001
2006-06-26,7.00,7.38,6.62,6.62,56100,6.112
2006-06-23,7.00,7.00,7.00,7.00,000,6.463
2006-06-22,7.00,7.00,7.00,7.00,000,6.463
2006-06-21,7.00,7.40,7.00,7.00,6000,6.463
2006-06-20,7.00,7.25,7.25,7.25,15000,6.693
2006-06-19,7.00,7.00,7.00,7.00,000,6.463
2006-06-16,7.00,7.00,7.00,6.00,000,5.539
2006-06-15,6.75,6.75,6.75,6.00,000,5.539
2006-06-14,6.75,6.75,6.00,6.00,31700,5.539
2006-06-13,6.875,6.375,6.375,6.375,20000,5.886
2006-06-12,6.875,6.50,6.50,6.50,35400,6.001
2006-06-09,6.875,6.50,6.50,6.50,10000,6.001
2006-06-08,6.875,6.875,6.875,6.875,000,6.347
2006-06-07,6.875,7.25,6.50,7.125,70000,6.578
2006-06-06,7.00,7.00,7.00,7.00,000,6.463
2006-06-05,7.125,7.125,7.125,7.125,000,6.578
2006-06-02,7.00,7.00,7.00,7.00,000,6.463
2006-06-01,7.00,7.00,7.00,7.00,000,6.463
2006-05-31,7.00,7.00,7.00,7.00,000,6.463
2006-05-30,7.125,7.59,7.00,7.59,41000,7.007
2006-05-29,7.125,7.125,7.125,7.125,000,6.578
2006-05-26,7.125,7.125,7.125,7.125,000,6.578
2006-05-25,7.125,7.56,6.25,6.43,26700,5.936
2006-05-24,7.00,7.30,6.43,6.43,25000,5.936
2006-05-23,7.125,7.56,7.30,7.56,13200,6.98
2006-05-22,7.125,7.59,7.375,7.375,33000,6.809
2006-05-19,7.125,7.59,7.375,7.59,10900,7.007
2006-05-18,7.375,6.938,6.75,6.75,79400,6.232
2006-05-17,6.875,7.34,6.938,6.94,49200,6.407
2006-05-16,7.00,7.38,6.875,7.06,42300,6.518
2006-05-15,7.375,7.68,7.038,7.04,51200,6.50
2006-05-12,7.375,7.65,7.05,7.40,100400,6.832
2006-05-11,7.375,7.65,6.90,6.90,33800,6.37
2006-05-10,7.375,7.65,7.65,7.65,6500,7.063
2006-05-09,7.375,7.687,7.688,7.688,6000,7.098
2006-05-08,7.375,7.84,6.90,6.90,100400,6.37
2006-05-05,7.375,7.88,7.00,7.88,27800,7.275
2006-05-04,7.375,7.838,6.75,7.75,129800,7.155
2006-05-03,7.375,6.75,6.75,6.75,10000,6.232
2006-05-02,7.875,8.25,7.00,7.00,394600,6.463
2006-05-01,7.875,7.875,7.875,7.875,000,7.271
2006-04-28,6.875,8.50,7.00,8.15,301100,7.524
2006-04-27,6.875,7.25,6.59,7.09,258000,6.546
2006-04-26,7.50,7.00,7.00,7.00,67900,6.463
2006-04-25,7.50,7.70,7.70,7.70,7500,7.109
2006-04-24,7.50,7.70,7.12,7.70,55700,7.109
2006-04-21,7.50,7.12,7.00,7.12,48100,6.573
2006-04-20,7.50,7.125,7.12,7.12,72000,6.573
2006-04-19,7.50,7.70,7.12,7.70,153200,7.109
2006-04-18,7.50,7.70,7.125,7.70,35900,7.109
2006-04-17,7.50,7.50,7.50,7.50,000,6.924
2006-04-14,7.50,7.50,7.50,7.50,000,6.924
2006-04-13,7.50,7.70,7.00,7.70,111400,7.109
2006-04-12,7.50,7.725,7.725,7.725,3700,7.132
2006-04-11,7.50,7.70,7.15,7.65,46800,7.063
2006-04-10,7.75,8.20,7.12,7.70,275200,7.109
2006-04-07,7.75,8.30,7.15,8.30,255800,7.663
2006-04-06,7.75,8.20,7.00,8.125,211900,7.501
2006-04-05,7.50,8.15,7.875,8.15,83200,7.524
2006-04-04,8.00,8.20,7.15,7.70,518900,7.109
2006-04-03,5.875,8.90,6.16,7.50,2033300,6.924
2006-03-31,6.875,6.875,6.00,6.025,283400,5.563
2006-03-30,6.875,6.90,6.50,6.90,32500,6.37
2006-03-29,6.875,6.90,6.90,6.90,3500,6.37
2006-03-28,7.00,6.90,6.59,6.90,21800,6.37
2006-03-27,7.00,6.625,6.625,6.625,60000,6.116
2006-03-24,7.00,7.20,6.62,6.62,47200,6.112
2006-03-23,7.00,7.38,6.62,6.62,115500,6.112
2006-03-22,6.75,7.313,6.80,7.31,174700,6.749
2006-03-21,7.00,7.55,6.50,7.00,379000,6.463
2006-03-20,6.75,7.33,6.62,7.20,132200,6.647
2006-03-17,6.50,6.18,6.18,6.18,7700,5.706
2006-03-16,6.50,6.75,6.50,6.50,1729100,6.001
2006-03-15,6.50,6.88,6.00,6.75,89700,6.232
2006-03-14,7.25,7.20,6.18,7.00,107900,6.463
2006-03-13,7.625,8.00,6.00,7.44,788300,6.869
2006-03-10,7.75,8.10,7.175,7.175,387300,6.624
2006-03-09,7.50,8.375,6.85,7.50,381200,6.924
2006-03-08,8.50,8.90,6.25,6.75,672800,6.232
2006-03-07,8.375,9.00,8.00,9.00,539900,8.309
2006-03-06,7.875,8.81,7.68,7.75,177900,7.155
2006-03-03,7.875,8.35,7.50,7.81,727100,7.21
2006-03-02,7.75,7.75,7.37,7.75,186300,7.155
2006-03-01,7.125,8.41,7.40,7.75,251600,7.155
2006-02-28,7.125,7.50,7.50,7.50,20000,6.924
2006-02-27,7.125,6.875,6.875,6.875,18600,6.347
2006-02-24,7.125,7.50,7.50,7.50,5000,6.924
2006-02-23,7.125,7.63,7.50,7.63,22000,7.044
2006-02-22,6.50,7.59,6.87,7.50,62300,6.924
2006-02-21,7.00,6.88,6.25,6.25,899800,5.77
2006-02-20,7.00,7.20,6.62,7.20,80400,6.647
2006-02-17,7.00,7.25,6.75,7.25,58600,6.693
2006-02-16,7.50,7.25,6.25,7.19,135800,6.638
2006-02-15,8.00,8.38,7.00,7.75,76700,7.155
2006-02-14,8.25,8.50,7.50,7.50,305600,6.924
2006-02-13,6.75,8.70,7.00,8.25,536300,7.617
2006-02-10,6.75,7.31,7.00,7.31,103200,6.749
2006-02-09,6.125,7.00,6.00,7.00,1011200,6.463
2006-02-08,6.125,6.20,5.75,6.20,81700,5.724
2006-02-07,6.125,6.20,5.75,6.20,203000,5.724
2006-02-06,6.25,6.44,5.84,6.15,133400,5.678
2006-02-03,6.00,6.50,5.62,6.34,87800,5.853
2006-02-02,6.25,6.90,5.50,6.50,767500,6.001
2006-02-01,6.25,6.75,5.75,5.75,63500,5.309
2006-01-31,6.50,6.70,6.12,6.70,97400,6.186
2006-01-30,6.50,6.88,6.12,6.70,89300,6.186
2006-01-27,6.50,6.88,6.70,6.88,76900,6.352
2006-01-26,6.50,6.70,6.70,6.70,3500,6.186
2006-01-25,6.50,7.00,6.125,6.125,41300,5.655
2006-01-24,6.50,6.125,6.125,6.125,50000,5.655
2006-01-23,7.00,6.75,6.00,6.75,98900,6.232
2006-01-20,7.00,7.38,7.25,7.25,21400,6.693
2006-01-19,7.00,7.00,7.00,7.00,000,6.463
2006-01-18,7.00,7.38,6.62,7.38,40000,6.814
2006-01-17,6.75,7.00,7.00,7.00,6900,6.463
2006-01-16,6.50,6.18,6.12,6.12,28000,5.65
2006-01-13,6.75,6.88,6.35,6.88,30800,6.352
2006-01-12,6.75,6.75,6.75,6.75,70000,6.232
2006-01-11,6.75,6.75,6.75,6.75,000,6.232
2006-01-10,6.75,6.75,6.75,6.75,000,6.232
2006-01-09,6.75,7.31,7.31,7.31,16000,6.749
2006-01-06,6.75,6.75,6.75,6.75,000,6.232
2006-01-05,6.75,7.31,6.35,6.35,21900,5.863
2006-01-04,6.75,7.31,6.50,7.31,122100,6.749
2006-01-03,6.75,7.31,6.25,7.31,109600,6.749
2006-01-02,6.75,6.75,6.75,6.75,000,6.232
2005-12-30,6.75,7.25,7.25,7.25,43700,6.693
2005-12-29,5.75,7.30,5.935,7.00,518400,6.463
2005-12-28,5.625,5.75,5.75,5.72,20000,5.281
2005-12-27,5.625,5.625,5.625,5.625,000,5.193
2005-12-26,5.625,5.625,5.625,5.625,000,5.193
2005-12-23,5.625,5.72,5.625,5.625,97900,5.193
2005-12-22,5.625,5.73,5.625,5.625,81700,5.193
2005-12-21,5.625,5.625,5.50,5.625,35600,5.193
2005-12-20,6.125,6.10,4.00,5.72,1021800,5.281
2005-12-19,6.375,6.30,5.75,6.00,159300,5.539
2005-12-16,6.375,6.375,6.30,6.30,5000,5.816
2005-12-15,6.375,6.50,6.35,6.50,86000,6.001
2005-12-14,6.375,6.00,6.00,6.00,10000,5.539
2005-12-13,6.375,6.35,6.35,6.35,45000,5.863
2005-12-12,6.375,6.375,6.375,6.375,000,5.886
2005-12-09,6.375,6.375,6.375,6.375,10000,5.886
2005-12-08,6.375,6.375,6.25,6.25,120000,5.77
2005-12-07,6.375,6.00,6.00,6.00,20000,5.539
2005-12-06,6.375,6.375,6.375,6.375,000,5.886
2005-12-05,6.25,6.44,6.00,6.00,86000,5.539
2005-12-02,6.25,7.25,5.50,6.00,1598900,5.539
2005-12-01,6.50,6.25,6.00,6.00,600000,5.539
2005-11-30,6.875,6.50,6.25,6.50,75000,6.001
2005-11-29,7.00,7.20,6.50,7.20,134600,6.647
2005-11-28,6.25,7.00,6.065,7.00,240000,6.463
2005-11-25,5.75,6.38,5.62,6.38,125200,5.89
2005-11-24,6.25,6.35,6.35,6.35,15700,5.863
2005-11-23,6.25,6.35,6.35,6.35,100000,5.863
2005-11-22,6.00,6.40,6.38,6.38,16100,5.89
2005-11-21,6.00,5.75,5.75,5.75,25000,5.309
2005-11-18,5.75,6.38,6.38,6.38,15400,5.89
2005-11-17,5.75,5.75,5.75,5.75,000,5.309
2005-11-16,5.75,6.20,5.30,5.30,117000,4.893
2005-11-15,5.75,5.30,5.30,5.30,5000,4.893
2005-11-14,5.75,5.75,5.75,5.75,000,5.309
2005-11-11,5.75,5.75,5.75,5.75,000,5.309
2005-11-10,5.75,6.20,6.00,6.00,60200,5.539
2005-11-09,5.75,6.20,5.75,6.20,1500,5.724
2005-11-08,5.75,6.35,5.30,6.20,17000,5.724
2005-11-07,5.75,5.75,5.75,5.75,000,5.309
2005-11-04,6.00,6.31,6.31,6.31,2400,5.826
2005-11-03,6.00,5.75,5.75,5.75,28000,5.309
2005-11-02,6.50,6.50,6.50,6.50,104000,6.001
2005-11-01,6.50,6.12,6.12,6.12,15000,5.65
2005-10-31,6.00,6.88,6.35,6.88,28100,6.352
2005-10-28,5.75,6.35,5.50,6.35,46000,5.863
2005-10-27,6.25,6.31,5.25,5.25,143400,4.847
2005-10-26,6.625,6.50,6.00,6.00,75000,5.539
2005-10-25,7.00,6.75,6.50,6.50,122200,6.001
2005-10-24,6.75,7.00,7.00,7.00,100000,6.463
2005-10-21,7.00,7.00,7.00,7.00,000,6.463
2005-10-20,6.75,7.20,6.50,6.50,80800,6.001
2005-10-19,6.75,6.18,6.18,6.18,12300,5.706
2005-10-18,6.75,6.25,6.25,6.25,30000,5.77
2005-10-17,6.75,6.18,6.18,6.18,3900,5.706
2005-10-14,6.75,6.75,6.75,6.75,000,6.232
2005-10-13,7.25,7.25,7.25,7.25,000,6.693
2005-10-12,7.25,7.375,7.375,7.375,20000,6.809
2005-10-11,7.25,7.375,7.06,7.06,30900,6.518
2005-10-10,7.25,7.25,7.25,7.25,000,6.693
2005-10-07,7.25,7.25,7.06,7.06,39000,6.518
2005-10-06,7.00,7.25,7.25,7.25,125500,6.693
2005-10-05,6.50,7.00,6.12,6.75,98700,6.232
2005-10-04,8.00,7.50,6.50,6.88,176700,6.352
2005-10-03,7.75,7.90,7.90,7.90,7700,7.294
2005-09-30,7.75,7.00,7.00,7.00,10000,6.463
2005-09-29,8.00,7.50,7.00,7.50,19600,6.924
2005-09-28,8.00,8.10,8.10,8.10,12300,7.478
2005-09-27,8.00,7.50,7.50,7.50,10000,6.924
2005-09-26,8.00,7.25,7.25,7.25,15000,6.693
2005-09-23,8.00,8.00,8.00,8.00,18400,7.386
2005-09-22,8.00,8.10,7.50,7.50,5600,6.924
2005-09-21,8.00,8.00,8.00,8.00,000,7.386
2005-09-20,8.00,8.10,7.62,8.10,34400,7.478
2005-09-19,8.00,8.10,7.62,8.00,78200,7.386
2005-09-16,8.00,7.62,7.62,7.62,4600,7.035
2005-09-15,8.00,8.25,7.50,8.25,88600,7.617
2005-09-14,8.00,7.50,7.50,7.50,250000,6.924
2005-09-13,8.00,8.20,8.20,8.20,30000,7.571
2005-09-12,7.50,8.00,8.00,8.00,37500,7.386
2005-09-09,7.25,7.75,7.00,7.75,295300,7.155
2005-09-08,8.375,8.00,7.50,7.50,24000,6.924
2005-09-07,8.375,8.50,7.50,8.00,26900,7.386
2005-09-06,8.375,8.00,8.00,8.00,14900,7.386
2005-09-05,8.75,8.50,8.00,8.00,36900,7.386
2005-09-02,8.75,8.75,8.75,8.75,000,8.078
2005-09-01,8.75,8.70,8.70,8.70,100,8.032
2005-08-31,8.75,8.50,8.50,8.50,15000,7.848
2005-08-30,8.75,8.80,8.80,8.80,200,8.125
2005-08-29,8.75,8.75,8.75,8.75,000,8.078
2005-08-26,8.75,8.50,8.50,8.50,15000,7.848
2005-08-25,9.25,8.75,8.50,8.75,16700,8.078
2005-08-24,9.25,9.25,9.25,9.25,000,8.54
2005-08-23,9.25,8.625,8.625,8.625,29400,7.963
2005-08-22,9.25,9.15,8.68,8.68,29600,8.014
2005-08-19,9.25,9.25,9.25,9.25,000,8.54
2005-08-18,9.25,9.15,9.15,9.15,11000,8.448
2005-08-17,9.25,9.25,9.25,9.25,000,8.54
2005-08-16,9.25,9.25,9.25,9.25,000,8.54
2005-08-15,9.25,9.25,8.695,8.70,4000,8.032
2005-08-12,9.25,9.15,9.15,9.15,1600,8.448
2005-08-11,8.75,8.625,8.625,8.625,8700,7.963
2005-08-10,9.50,9.45,9.00,9.00,60700,8.309
2005-08-09,9.50,9.80,9.13,9.13,24800,8.429
2005-08-08,9.50,9.90,9.90,9.90,4800,9.14
2005-08-05,9.50,9.50,9.50,9.50,000,8.771
2005-08-04,9.50,9.80,9.125,9.80,85000,9.048
2005-08-03,9.00,9.30,9.30,9.30,107200,8.586
2005-08-02,9.00,9.40,8.62,8.62,19400,7.958
2005-08-01,8.75,8.75,8.75,8.75,000,8.078
2005-07-29,9.00,9.30,8.94,8.94,33700,8.254
2005-07-28,9.00,9.38,9.37,9.37,16200,8.651
2005-07-27,11.00,9.50,8.935,9.25,255900,8.54
2005-07-26,10.75,11.00,10.00,10.00,133100,9.232
2005-07-25,10.75,11.00,10.75,11.00,9500,10.156
2005-07-22,10.75,11.31,10.75,11.31,4400,10.442
2005-07-21,11.00,11.38,10.75,11.25,23900,10.386
2005-07-20,11.00,11.38,10.50,10.50,97300,9.694
2005-07-19,11.00,11.38,10.63,11.38,19200,10.506
2005-07-18,10.75,11.00,11.00,10.75,000,9.925
2005-07-15,10.75,11.50,10.30,10.25,88700,9.463
2005-07-14,10.75,11.00,10.00,10.88,111900,10.045
2005-07-13,11.25,11.125,10.75,11.13,25000,10.276
2005-07-12,11.25,11.25,11.00,11.00,114600,10.156
2005-07-11,11.25,11.50,11.00,11.07,41000,10.22
2005-07-08,11.00,11.50,11.00,11.25,129500,10.386
2005-07-07,11.50,12.00,10.75,10.95,123400,10.109
2005-07-06,11.75,12.00,11.06,12.00,121500,11.079
2005-07-05,11.00,11.50,10.75,11.50,87400,10.617
2005-07-04,11.00,11.50,11.50,11.50,43000,10.617
2005-07-01,10.25,11.50,10.06,11.50,108500,10.617
2005-06-30,10.25,10.375,10.25,10.35,111100,9.556
2005-06-29,10.25,10.44,10.25,10.25,19900,9.463
2005-06-28,10.25,10.25,10.25,10.25,000,9.463
2005-06-27,10.25,10.44,10.06,10.06,13800,9.288
2005-06-24,10.50,10.88,10.00,10.00,103900,9.232
2005-06-23,10.75,11.31,10.00,10.88,116200,10.045
2005-06-22,10.75,11.31,10.18,10.25,82700,9.463
2005-06-21,10.50,11.50,10.625,11.00,141800,10.156
2005-06-20,8.625,10.88,8.70,10.88,204800,10.045
2005-06-17,8.75,8.75,8.75,8.75,000,8.078
2005-06-16,8.75,8.75,8.75,8.75,000,8.078
2005-06-15,9.00,8.94,8.56,8.56,17300,7.903
2005-06-14,9.00,9.38,9.38,9.38,5000,8.66
2005-06-13,8.75,8.50,8.50,8.50,11300,7.848
2005-06-10,8.75,8.50,8.50,8.50,25000,7.848
2005-06-09,8.75,8.50,8.00,8.50,85000,7.848
2005-06-08,8.75,8.75,8.75,8.75,68000,8.078
2005-06-07,8.75,8.56,8.56,8.56,60000,7.903
2005-06-06,9.25,8.50,8.50,8.50,100000,7.848
2005-06-03,9.00,9.38,8.62,9.00,51500,8.309
2005-06-02,9.00,9.50,8.62,8.75,182400,8.078
2005-06-01,8.25,8.25,8.25,8.25,000,7.617
2005-05-31,8.25,8.59,8.59,8.59,22800,7.931
2005-05-30,8.25,8.25,8.25,8.25,000,7.617
2005-05-27,8.25,8.25,8.25,8.25,000,7.617
2005-05-26,8.25,8.625,8.625,8.625,12000,7.963
2005-05-25,8.00,8.50,8.50,8.50,10000,7.848
2005-05-24,8.50,8.00,8.00,8.00,17900,7.386
2005-05-23,8.50,8.66,8.66,8.66,15300,7.995
2005-05-20,8.25,9.00,8.50,8.50,403700,7.848
2005-05-19,8.25,8.25,8.25,8.25,000,7.617
2005-05-18,8.50,9.00,7.68,7.68,108700,7.09
2005-05-17,8.50,8.50,8.50,8.50,000,7.848
2005-05-16,8.50,9.00,9.00,9.00,11100,8.309
2005-05-13,7.25,8.00,7.75,8.00,35000,7.386
2005-05-12,6.50,8.00,7.50,8.00,95000,7.386
2005-05-11,6.50,6.88,6.25,6.75,169000,6.232
2005-05-10,6.75,6.18,6.18,6.18,11900,5.706
2005-05-09,6.75,6.75,6.75,6.75,11500,6.232
2005-05-06,6.75,6.75,6.00,6.00,20100,5.539
2005-05-05,7.25,7.25,7.00,7.25,160000,6.693
2005-05-04,7.25,7.25,7.00,7.00,46000,6.463
2005-05-03,7.25,7.25,7.25,7.25,3000,6.693
2005-05-02,7.25,7.25,7.25,7.25,000,6.693
2005-04-29,7.25,7.00,7.00,7.00,37500,6.463
2005-04-28,7.25,7.44,7.375,7.44,26700,6.869
2005-04-27,8.50,8.12,7.00,7.50,83600,6.924
2005-04-26,8.50,8.50,8.50,8.50,000,7.848
2005-04-25,9.00,8.62,8.00,8.62,60500,7.958
2005-04-22,9.00,9.00,9.00,9.00,000,8.309
2005-04-21,9.00,9.38,9.38,9.38,2000,8.66
2005-04-20,9.00,8.70,8.50,8.70,65000,8.032
2005-04-19,9.00,9.38,8.68,8.68,118900,8.014
2005-04-18,8.75,9.50,8.50,9.50,120900,8.771
2005-04-15,8.00,9.15,8.00,9.15,629800,8.448
2005-04-14,7.25,7.50,7.25,7.50,141000,6.924
2005-04-13,7.75,7.75,7.00,7.00,63400,6.463
2005-04-12,8.00,8.00,8.00,8.00,35000,7.386
2005-04-11,8.25,8.25,7.50,7.50,63600,6.924
2005-04-08,8.25,8.25,8.00,8.00,111500,7.386
2005-04-07,8.25,8.20,8.00,8.00,27400,7.386
2005-04-06,8.25,8.00,8.00,8.00,15000,7.386
2005-04-05,8.25,8.00,8.00,8.00,3100,7.386
2005-04-04,8.25,8.20,7.50,7.50,63600,6.924
2005-04-01,9.25,9.00,8.00,8.50,104100,7.848
2005-03-31,9.75,10.00,8.50,9.30,382800,8.586
2005-03-30,9.75,9.75,9.75,9.75,000,9.002
2005-03-29,10.25,10.25,9.00,9.00,65100,8.309
2005-03-28,10.25,10.25,10.25,10.25,000,9.463
2005-03-25,10.25,10.25,10.25,10.25,000,9.463
2005-03-24,10.25,10.25,10.25,10.25,000,9.463
2005-03-23,10.25,10.20,9.50,9.50,84400,8.771
2005-03-22,10.50,10.50,10.00,10.00,50800,9.232
2005-03-21,10.50,11.00,10.35,10.50,100100,9.694
2005-03-18,10.50,10.50,10.00,10.35,53300,9.556
2005-03-17,10.50,10.75,10.12,10.38,56800,9.583
2005-03-16,10.50,10.75,10.375,10.38,83600,9.583
2005-03-15,10.75,11.00,10.00,11.00,147400,10.156
2005-03-14,10.75,10.45,10.25,10.25,7600,9.463
2005-03-11,10.75,10.75,10.00,10.25,62100,9.463
2005-03-10,10.75,10.50,10.50,10.50,23500,9.694
2005-03-09,10.75,10.50,10.50,10.50,20100,9.694
2005-03-08,10.75,10.75,10.50,10.63,19000,9.814
2005-03-07,10.75,10.75,10.00,10.63,57100,9.814
2005-03-04,10.50,10.75,10.00,10.25,128100,9.463
2005-03-03,10.75,11.00,10.00,10.63,385500,9.814
2005-03-02,10.75,11.35,10.50,11.00,1246200,10.156
2005-03-01,10.75,10.75,10.75,10.75,000,9.925
2005-02-28,10.75,10.75,10.65,10.65,15000,9.832
2005-02-25,10.75,10.85,10.50,10.50,129700,9.694
2005-02-24,10.50,10.80,10.00,10.40,114000,9.602
2005-02-23,10.50,10.50,10.50,10.50,000,9.694
2005-02-22,10.50,10.50,10.00,10.00,5000,9.232
2005-02-21,10.50,10.50,10.00,10.00,5000,9.232
2005-02-18,10.25,10.00,10.00,10.00,5000,9.232
2005-02-17,10.50,10.25,10.00,10.00,10000,9.232
2005-02-16,10.50,10.50,10.00,10.00,5000,9.232
2005-02-15,10.50,10.50,10.00,10.00,15000,9.232
2005-02-14,10.50,10.50,10.50,10.50,000,9.694
2005-02-11,10.50,10.50,10.50,10.50,000,9.694
2005-02-10,10.50,10.50,10.50,10.50,000,9.694
2005-02-09,10.50,10.50,10.50,10.50,000,9.694
2005-02-08,10.50,10.50,10.35,10.35,000,9.556
2005-02-07,10.50,10.50,10.00,10.00,12400,9.232
2005-02-04,10.50,10.50,10.50,10.50,000,9.694
2005-02-03,10.50,10.50,10.50,10.50,000,9.694
2005-02-02,10.50,10.50,10.50,10.50,000,9.694
2005-02-01,10.50,10.50,10.50,10.50,50000,9.694
2005-01-31,10.50,10.50,10.50,10.50,000,9.694
2005-01-28,10.75,10.75,10.75,10.75,000,9.925
2005-01-27,10.75,10.75,10.75,10.75,000,9.925
2005-01-26,10.75,10.75,10.75,10.75,000,9.925
2005-01-25,10.75,10.75,10.75,10.75,000,9.925
2005-01-24,10.75,10.75,10.75,10.75,000,9.925
2005-01-21,10.75,10.90,10.60,10.90,29400,10.063
2005-01-20,10.75,10.25,10.25,10.25,10000,9.463
2005-01-19,11.00,10.75,10.75,11.00,000,10.156
2005-01-18,11.00,11.00,10.75,10.75,14500,9.925
2005-01-17,11.00,11.00,11.00,10.75,65000,9.925
2005-01-14,11.00,11.00,11.00,10.75,40000,9.925
2005-01-13,10.75,11.00,10.00,10.75,65000,9.925
2005-01-12,10.75,10.75,10.65,10.75,4500,9.925
2005-01-11,10.00,10.75,9.00,10.75,100000,9.925
2005-01-10,10.00,10.00,9.50,10.00,57500,9.232
2005-01-07,9.75,9.62,9.62,9.62,15000,8.882
2005-01-06,9.75,9.75,9.75,9.94,50000,9.177
2005-01-05,9.75,9.94,9.75,9.94,228000,9.177
2005-01-04,9.75,9.75,9.75,9.94,232500,9.177
2005-01-03,9.25,9.25,9.25,9.25,000,8.54
2004-12-31,9.00,9.00,9.00,9.00,000,8.309
2004-12-30,9.00,9.66,9.66,9.66,2500,8.918
2004-12-29,10.75,10.50,10.50,10.50,100,9.694
2004-12-28,10.75,10.75,10.75,10.75,000,9.925
2004-12-27,10.75,10.75,10.75,10.75,000,9.925
2004-12-24,10.75,10.75,10.75,10.75,000,9.925
2004-12-23,10.75,10.75,10.75,10.75,000,9.925
2004-12-22,10.75,10.75,10.75,10.75,000,9.925
2004-12-21,10.75,10.75,10.75,10.75,000,9.925
2004-12-20,10.75,10.75,10.00,10.75,159900,9.925
2004-12-17,9.75,10.50,10.25,10.50,71300,9.694
2004-12-16,12.50,12.12,9.25,10.00,38500,9.232
2004-12-15,12.50,12.88,11.00,12.50,70100,11.54
2004-12-14,12.50,12.88,12.50,12.50,2100,11.54
2004-12-13,12.50,12.50,12.50,12.50,000,11.54
2004-12-10,13.00,13.00,13.00,13.00,000,12.002
2004-12-09,12.50,12.50,12.50,12.50,000,11.54
2004-12-08,12.50,12.50,12.00,12.00,15500,11.079
2004-12-07,13.00,13.00,13.00,13.00,3000,12.002
2004-12-06,13.00,13.00,13.00,13.00,000,12.002
2004-12-03,13.00,13.00,13.00,13.00,000,12.002
2004-12-02,13.00,13.00,13.00,13.00,7500,12.002
2004-12-01,11.50,12.75,12.75,12.75,1500,11.771
2004-11-30,11.00,11.50,11.00,11.00,24200,10.156
2004-11-29,11.00,11.00,11.00,11.00,000,10.156
2004-11-26,11.00,11.00,11.00,11.00,000,10.156
2004-11-25,13.50,13.12,10.00,11.00,44600,10.156
2004-11-24,13.50,13.50,13.50,13.50,000,12.464
2004-11-23,13.50,13.50,13.50,13.50,000,12.464
2004-11-22,13.50,13.95,13.95,13.95,771000,12.879
2004-11-19,12.50,13.95,12.75,13.95,759000,12.879
2004-11-18,13.00,13.00,13.00,13.00,000,12.002
2004-11-17,14.50,14.00,14.00,14.00,9000,12.925
2004-11-16,15.00,15.00,15.00,15.00,000,13.849
2004-11-15,14.50,14.50,14.50,14.50,000,13.387
2004-11-12,15.50,15.00,14.88,14.88,10900,13.738
2004-11-11,16.75,16.50,16.50,16.50,8000,15.233
2004-11-10,18.00,17.00,17.00,17.00,15600,15.695
2004-11-09,19.50,20.00,19.00,19.00,7600,17.542
2004-11-08,28.00,27.00,27.00,27.00,5000,24.927
2004-11-05,35.00,32.00,32.00,32.00,5000,29.544
2004-11-04,38.50,37.00,37.00,37.00,5000,34.16
2004-11-03,38.50,38.50,38.50,38.50,000,35.545
2004-11-02,38.50,38.50,38.50,38.50,000,35.545
2004-11-01,38.50,38.50,38.50,38.50,000,35.545
2004-10-29,38.50,38.50,38.50,38.50,000,35.545
2004-10-28,38.50,38.50,38.50,38.50,000,35.545
2004-10-27,38.50,38.50,38.50,38.50,000,35.545
2004-10-26,38.50,38.50,38.50,38.50,000,35.545
2004-10-25,38.50,38.50,38.50,38.50,000,35.545
2004-10-22,38.50,38.50,38.50,38.50,000,35.545
2004-10-21,38.50,38.50,38.50,38.50,000,35.545
2004-10-20,37.50,37.50,37.50,37.50,000,34.621
2004-10-19,37.50,37.50,37.50,37.50,000,34.621
2004-10-18,37.50,37.50,37.50,37.50,000,34.621
2004-10-15,37.50,37.50,37.50,37.50,000,34.621
2004-10-14,40.50,38.62,38.00,38.00,12300,35.083
2004-10-13,40.50,40.50,40.50,40.50,000,37.391
2004-10-12,42.50,40.00,40.00,40.00,13500,36.93
2004-10-11,42.50,42.50,42.50,42.50,000,39.238
2004-10-08,42.50,42.50,42.50,42.50,000,39.238
2004-10-07,42.50,42.50,42.50,42.50,000,39.238
2004-10-06,42.50,42.50,42.50,42.50,000,39.238
2004-10-05,42.50,42.50,42.50,42.50,000,39.238
2004-10-04,41.50,41.50,41.50,41.50,000,38.314
2004-10-01,41.50,41.50,41.50,41.50,000,38.314
2004-09-30,41.50,41.50,41.50,41.50,000,38.314
2004-09-29,41.50,41.50,41.50,41.50,000,38.314
2004-09-28,41.50,41.50,41.50,41.50,000,38.314
2004-09-27,41.50,41.50,41.50,41.50,000,38.314
2004-09-24,41.50,41.50,41.50,41.50,000,38.314
2004-09-23,41.50,41.50,41.50,41.50,000,38.314
2004-09-22,41.50,41.50,41.50,41.50,000,38.314
2004-09-21,41.50,41.50,41.50,41.50,000,38.314
2004-09-20,41.50,41.50,41.50,41.50,000,38.314
2004-09-17,41.50,41.50,41.50,41.50,000,38.314
2004-09-16,42.50,42.50,42.50,42.50,000,39.238
2004-09-15,42.50,42.50,42.50,42.50,000,39.238
2004-09-14,41.50,41.50,41.50,41.50,000,38.314
2004-09-13,41.50,41.50,41.50,41.50,000,38.314
2004-09-10,41.50,41.50,41.50,41.50,000,38.314
2004-09-09,41.50,41.50,41.50,41.50,000,38.314
2004-09-08,41.50,41.50,41.50,41.50,000,38.314
2004-09-07,41.50,41.50,41.50,41.50,000,38.314
2004-09-06,41.50,41.50,41.50,41.50,000,38.314
2004-09-03,41.50,41.50,41.50,41.50,000,38.314
2004-09-02,41.50,41.50,41.50,41.50,000,38.314
2004-09-01,41.50,41.50,41.50,41.50,000,38.314
2004-08-31,41.50,41.50,41.50,41.50,000,38.314
2004-08-30,41.50,41.50,41.50,41.50,000,38.314
2004-08-27,41.50,41.50,41.50,41.50,000,38.314
2004-08-26,41.50,41.50,41.50,41.50,000,38.314
2004-08-25,41.50,41.50,41.50,41.50,000,38.314
2004-08-24,41.50,41.50,41.50,41.50,000,38.314
2004-08-23,41.50,41.50,41.50,41.50,000,38.314
2004-08-20,41.50,41.50,41.50,41.50,000,38.314
2004-08-19,41.50,41.50,41.50,41.50,000,38.314
2004-08-18,41.50,41.50,41.50,41.50,000,38.314
2004-08-17,41.50,41.50,41.50,41.50,000,38.314
2004-08-16,41.50,41.50,41.50,41.50,000,38.314
2004-08-13,41.50,41.50,41.50,41.50,000,38.314
2004-08-12,41.50,41.50,41.50,41.50,000,38.314
2004-08-11,41.50,41.50,41.50,41.50,000,38.314
2004-08-10,41.50,41.50,41.50,41.50,000,38.314
2004-08-09,41.50,41.50,41.50,41.50,000,38.314
2004-08-06,41.50,41.50,41.50,41.50,000,38.314
2004-08-05,41.50,41.50,41.50,41.50,000,38.314
2004-08-04,41.50,41.50,41.50,41.50,000,38.314
2004-08-03,41.50,41.50,41.50,41.50,000,38.314
2004-08-02,41.50,41.50,41.50,41.50,000,38.314
2004-07-30,41.50,41.50,41.50,41.50,000,38.314
2004-07-29,41.50,41.50,41.50,41.50,000,38.314
2004-07-28,41.50,41.50,41.50,41.50,000,38.314
2004-07-27,41.50,41.50,41.50,41.50,000,38.314
2004-07-26,41.50,41.50,41.50,41.50,000,38.314
2004-07-23,41.50,41.50,41.50,41.50,000,38.314
2004-07-22,41.50,41.50,41.50,41.50,000,38.314
2004-07-21,41.50,41.50,41.50,41.50,000,38.314
2004-07-20,41.50,41.50,41.50,41.50,000,38.314
2004-07-19,41.50,41.50,41.50,41.50,000,38.314
2004-07-16,41.50,41.50,41.50,41.50,000,38.314
2004-07-15,41.50,41.50,41.50,41.50,000,38.314
2004-07-14,41.50,41.50,41.50,41.50,000,38.314
2004-07-13,41.50,41.50,41.50,41.50,000,38.314
2004-07-12,41.50,41.50,41.50,41.50,000,38.314
2004-07-09,41.50,41.50,41.50,41.50,000,38.314
2004-07-08,41.50,41.50,41.50,41.50,000,38.314
2004-07-07,41.50,41.50,41.50,41.50,000,38.314
2004-07-06,41.50,41.50,41.50,41.50,000,38.314
2004-07-05,41.50,41.50,41.50,41.50,000,38.314
2004-07-02,41.50,41.50,41.50,41.50,000,38.314
2004-07-01,41.50,41.50,41.50,41.50,000,38.314
2004-06-30,41.50,41.50,41.50,41.50,000,38.314
2004-06-29,41.50,41.50,41.50,41.50,000,38.314
2004-06-28,41.50,41.50,41.50,41.50,000,38.314
2004-06-25,41.50,41.50,41.50,41.50,000,38.314
2004-06-24,41.50,41.50,41.50,41.50,000,38.314
2004-06-23,41.50,41.50,40.50,40.50,000,37.391
2004-06-22,41.50,42.50,40.50,40.50,000,37.391
2004-06-21,41.50,42.50,40.50,40.50,000,37.391
2004-06-18,41.50,42.50,41.50,41.50,000,38.314
2004-06-17,41.50,42.50,41.50,41.50,000,38.314
2004-06-16,41.50,42.50,40.50,40.50,000,37.391
2004-06-15,41.50,42.50,40.50,40.50,000,37.391
2004-06-14,41.50,42.50,40.50,40.50,000,37.391
2004-06-11,41.50,42.50,40.50,40.50,000,37.391
2004-06-10,41.50,42.50,40.50,40.50,000,37.391
2004-06-09,41.50,42.50,41.50,41.50,000,38.314
2004-06-08,41.50,42.50,40.50,40.50,000,37.391
2004-06-07,41.50,41.50,40.00,40.00,12100,36.93
2004-06-04,42.50,42.50,42.50,42.50,000,39.238
2004-06-03,42.50,42.50,42.50,42.50,000,39.238
2004-06-02,42.50,42.50,42.50,42.50,000,39.238
2004-06-01,42.50,42.50,42.50,42.50,000,39.238
2004-05-31,42.50,42.50,42.50,42.50,000,39.238
2004-05-28,42.50,42.50,42.50,42.50,000,39.238
2004-05-27,42.50,42.50,42.50,42.50,000,39.238
2004-05-26,42.50,42.50,42.50,42.50,000,39.238
2004-05-25,42.50,42.50,42.50,42.50,000,39.238
2004-05-24,42.50,42.50,42.50,42.50,000,39.238
2004-05-21,42.50,42.50,42.50,42.50,000,39.238
2004-05-20,42.50,42.50,42.50,42.50,000,39.238
2004-05-19,42.50,42.50,42.50,42.50,000,39.238
2004-05-18,42.50,42.50,42.50,42.50,000,39.238
2004-05-17,42.50,42.50,42.50,42.50,000,39.238
2004-05-14,42.50,42.50,42.50,42.50,000,39.238
2004-05-13,42.50,42.50,42.50,42.50,000,39.238
2004-05-12,42.50,42.50,42.50,42.50,000,39.238
2004-05-11,42.50,42.50,42.50,42.50,000,39.238
2004-05-10,42.50,42.50,42.50,42.50,000,39.238
2004-05-07,42.50,42.50,42.50,42.50,000,39.238
2004-05-06,42.50,42.50,42.50,42.50,000,39.238
2004-05-05,42.50,42.50,42.50,42.50,000,39.238
2004-05-04,42.50,42.50,42.50,42.50,000,39.238
2004-05-03,42.50,42.50,42.50,42.50,000,39.238
2004-04-30,42.50,42.50,42.50,42.50,000,39.238
2004-04-29,42.50,42.50,42.50,42.50,000,39.238
2004-04-28,42.50,42.50,42.50,42.50,000,39.238
2004-04-27,42.50,42.50,42.50,42.50,000,39.238
2004-04-26,42.50,42.50,42.50,42.50,000,39.238
2004-04-23,42.50,42.50,42.50,42.50,000,39.238
2004-04-22,42.50,42.50,42.50,42.50,000,39.238
2004-04-21,42.50,42.50,42.50,42.50,000,39.238
2004-04-20,42.50,42.50,42.50,42.50,000,39.238
2004-04-19,42.50,42.50,42.50,42.50,000,39.238
2004-04-16,42.50,42.50,42.50,42.50,000,39.238
2004-04-15,42.50,42.50,42.50,42.50,000,39.238
2004-04-14,42.50,42.50,42.50,42.50,000,39.238
2004-04-13,42.50,42.50,42.50,42.50,000,39.238
2004-04-12,42.50,42.50,42.50,42.50,000,39.238
2004-04-09,42.50,42.50,42.50,42.50,000,39.238
2004-04-08,42.50,42.50,42.50,42.50,000,39.238
2004-04-07,42.50,42.50,42.50,42.50,000,39.238
2004-04-06,42.50,42.50,42.50,42.50,000,39.238
2004-04-05,42.50,42.50,42.50,42.50,000,39.238
2004-04-02,42.50,42.50,42.50,42.50,000,39.238
2004-04-01,42.50,42.50,42.50,42.50,000,39.238
2004-03-31,42.50,42.50,42.50,42.50,000,39.238
2004-03-30,42.50,42.50,42.50,42.50,000,39.238
2004-03-29,42.50,42.50,42.50,42.50,000,39.238
2004-03-26,42.50,42.50,42.50,42.50,000,39.238
2004-03-25,42.50,42.50,42.50,42.50,000,39.238
2004-03-24,42.50,42.50,42.50,42.50,000,39.238
2004-03-23,42.50,42.50,42.50,42.50,000,39.238
2004-03-22,42.50,42.50,42.50,42.50,000,39.238
2004-03-19,42.50,42.50,42.50,42.50,000,39.238
2004-03-18,42.50,42.50,42.50,42.50,000,39.238
2004-03-17,42.50,42.50,42.50,42.50,000,39.238
2004-03-16,42.50,42.50,42.50,42.50,000,39.238
2004-03-15,42.50,42.50,42.50,42.50,000,39.238
2004-03-12,42.50,42.50,42.50,42.50,000,39.238
2004-03-11,42.50,42.50,42.50,42.50,000,39.238
2004-03-10,42.50,42.50,42.50,42.50,000,39.238
2004-03-09,42.50,42.50,42.50,42.50,000,39.238
2004-03-08,42.50,42.50,42.50,42.50,000,39.238
2004-03-05,42.50,42.50,42.50,42.50,000,39.238
2004-03-04,42.50,42.50,42.50,42.50,000,39.238
2004-03-03,42.50,42.50,42.50,42.50,000,39.238
2004-03-02,42.50,42.50,42.50,42.50,000,39.238
2004-03-01,42.50,42.50,42.50,42.50,000,39.238
2004-02-27,42.50,42.50,42.50,42.50,000,39.238
2004-02-26,42.50,42.50,42.50,42.50,000,39.238
2004-02-25,42.50,42.50,42.50,42.50,000,39.238
2004-02-24,42.50,42.50,42.50,42.50,000,39.238
2004-02-23,42.50,42.50,42.50,42.50,000,39.238
2004-02-20,42.50,42.50,42.50,42.50,000,39.238
2004-02-19,42.50,42.50,42.50,42.50,000,39.238
2004-02-18,42.50,42.50,42.50,42.50,000,39.238
2004-02-17,42.50,42.50,42.50,42.50,000,39.238
2004-02-16,42.50,42.50,42.50,42.50,000,39.238
2004-02-13,42.50,42.50,42.50,42.50,000,39.238
2004-02-12,42.50,42.50,42.50,42.50,000,39.238
2004-02-11,42.50,42.50,42.50,42.50,000,39.238
2004-02-10,42.50,42.50,42.50,42.50,000,39.238
2004-02-09,42.50,42.50,42.50,42.50,000,39.238
2004-02-06,42.50,42.50,42.50,42.00,6200,38.776
2004-02-05,43.50,43.50,43.50,43.50,000,40.161
2004-02-04,43.50,43.50,43.50,43.50,000,40.161
2004-02-03,43.50,43.50,43.50,43.50,000,40.161
2004-02-02,44.63,44.63,44.63,44.63,2000,41.204
2004-01-30,43.50,43.50,43.50,43.50,000,40.161
2004-01-29,43.50,43.50,43.50,43.50,000,40.161
2004-01-28,43.50,43.50,43.50,43.50,000,40.161
2004-01-27,43.50,43.50,43.50,43.50,000,40.161
2004-01-26,43.50,43.50,43.50,43.50,000,40.161
2004-01-23,43.50,43.50,43.50,43.50,000,40.161
2004-01-22,43.50,43.50,43.50,43.50,000,40.161
2004-01-21,43.50,43.50,43.50,43.50,000,40.161
2004-01-20,43.50,43.50,43.50,43.50,000,40.161
2004-01-19,43.50,43.50,43.50,43.50,000,40.161
2004-01-16,43.50,43.50,43.50,43.50,000,40.161
2004-01-15,43.50,43.50,43.50,43.50,000,40.161
2004-01-14,43.50,43.50,43.50,43.50,000,40.161
2004-01-13,43.50,43.50,43.50,43.50,000,40.161
2004-01-12,43.50,43.50,43.50,43.50,000,40.161
2004-01-09,43.50,43.50,43.50,43.50,000,40.161
2004-01-08,42.50,43.50,42.50,42.50,000,39.238
2004-01-07,43.50,43.50,43.50,43.50,000,40.161
2004-01-06,43.50,43.50,43.50,43.50,000,40.161
2004-01-05,43.50,43.50,43.50,43.50,000,40.161
2004-01-02,43.50,43.50,43.50,43.50,000,40.161
2004-01-01,43.50,43.50,43.50,43.50,000,40.161
2003-12-31,43.50,43.50,43.50,43.50,000,40.161
2003-12-30,43.50,43.50,43.50,43.50,000,40.161
2003-12-29,43.50,43.50,43.50,43.50,000,40.161
2003-12-26,43.50,43.50,43.50,43.50,000,40.161
2003-12-25,43.50,43.50,43.50,43.50,000,40.161
2003-12-24,43.50,43.50,43.50,43.50,000,40.161
2003-12-23,43.50,43.50,43.50,43.50,000,40.161
2003-12-22,43.50,43.50,43.50,43.50,000,40.161
2003-12-19,43.50,43.50,43.50,43.50,000,40.161
2003-12-18,43.50,43.50,43.50,43.50,000,40.161
2003-12-17,43.50,43.50,43.50,43.50,000,40.161
2003-12-16,43.50,43.50,43.50,43.50,000,40.161
2003-12-15,43.50,43.50,43.50,43.50,5000,40.161
2003-12-12,43.50,43.50,43.50,43.50,5000,40.161
2003-12-11,43.50,43.50,43.50,43.50,000,40.161
2003-12-10,43.50,43.50,43.50,43.50,000,40.161
2003-12-09,43.50,43.50,43.50,43.50,000,40.161
2003-12-08,43.50,43.50,43.50,43.50,000,40.161
2003-12-05,43.50,43.50,43.50,43.50,000,40.161
2003-12-04,43.50,43.50,43.50,43.50,000,40.161
2003-12-03,43.50,43.50,43.50,43.50,000,40.161
2003-12-02,43.50,43.50,43.50,43.50,000,40.161
2003-12-01,43.50,43.50,43.50,43.50,000,40.161
2003-11-28,6.728,6.728,6.728,6.728,000,6.212
2003-11-27,6.728,6.728,6.728,6.728,000,6.212
2003-11-26,6.728,6.728,6.728,6.728,000,6.212
2003-11-25,6.728,6.728,6.728,6.728,000,6.212
2003-11-24,6.728,6.728,6.728,6.728,000,6.212
2003-11-21,6.728,6.728,6.728,6.728,000,6.212
2003-11-20,6.728,6.728,6.728,6.728,000,6.212
2003-11-19,6.728,6.728,6.728,6.728,000,6.212
2003-11-18,6.728,6.728,6.728,6.728,000,6.212
2003-11-17,6.728,6.728,6.728,6.728,000,6.212
2003-11-14,6.728,6.728,6.728,6.728,000,6.212
2003-11-13,6.728,6.728,6.728,6.728,000,6.212
2003-11-12,6.728,6.728,6.728,6.728,000,6.212
2003-11-11,6.728,6.728,6.728,6.728,000,6.212
2003-11-10,6.728,6.728,6.728,6.728,000,6.212
2003-11-07,6.728,6.728,6.728,6.728,000,6.212
2003-11-06,6.728,6.728,6.728,6.728,000,6.212
2003-11-05,6.728,6.728,6.728,6.728,000,6.212
2003-11-04,6.728,6.728,6.728,6.728,000,6.212
2003-11-03,6.728,6.728,6.728,6.728,000,6.212
2003-10-31,6.728,6.728,6.728,6.728,000,6.212
2003-10-30,6.728,6.728,6.728,6.728,000,6.212
2003-10-29,6.728,6.728,6.728,6.728,000,6.212
2003-10-28,6.728,6.728,6.728,6.728,000,6.212
2003-10-27,6.728,6.728,6.728,6.728,000,6.212
2003-10-24,6.728,6.728,6.728,6.728,000,6.212
2003-10-23,6.728,6.728,6.728,6.728,000,6.212
2003-10-22,6.728,6.728,6.728,6.728,000,6.212
2003-10-21,6.728,6.728,6.728,6.728,000,6.212
2003-10-20,6.728,6.728,6.728,6.728,000,6.212
2003-10-17,6.728,6.728,6.728,6.728,000,6.212
